150 200
139 119
25 37
70 137
104 80
139 15
45 122
136 103
114 120
37 80
142 50
28 80
51 37
120 126
46 61
51 47
5 125
3 140
2 6
81 142
133 96
126 68
2 128
5 127
34 101
6 36
103 136
32 37
5 117
145 113
26 22
71 42
121 125
91 144
133 105
147 3
92 55
89 8
38 144
30 2
17 106
93 67
111 127
38 82
107 149
72 134
69 140
24 105
110 49
11 76
60 70
84 13
128 63
150 32
86 66
24 116
134 137
126 141
89 147
47 103
34 25
111 50
75 12
77 147
95 22
136 72
32 146
83 109
19 112
18 123
87 91
33 15
115 43
127 114
76 44
94 21
28 5
121 11
3 30
60 67
5 25
70 79
49 102
49 134
3 119
85 77
109 12
75 61
66 6
23 44
8 120
60 6
75 97
100 1
108 71
82 121
87 23
127 34
79 116
11 76
26 93
51 25
51 146
147 42
56 126
131 16
99 120
103 34
59 46
69 142
53 2
145 65
46 14
139 10
59 57
90 135
94 39
135 92
35 77
113 41
58 35
125 129
123 129
64 6
58 143
84 100
38 92
102 41
141 96
12 111
12 142
38 115
57 88
24 104
28 61
138 123
66 4
145 30
26 48
51 113
76 142
56 123
7 96
91 42
121 141
113 146
101 5
140 60
88 57
83 75
56 125
142 138
149 44
18 22
74 120
52 48
50 86
103 104
92 29
150 63
33 78
77 111
83 54
101 53
53 116
101 92
71 80
126 30
81 61
140 115
111 127
73 17
70 124
16 27
23 144
9 42
61 36
98 110
133 87
115 112
136 57
34 12
34 101
84 89
102 84
26 88
83 107
133 65
65 34
116 33
48 9
83 149
138 95
71 40
54 40
65 31
92 41
81 12
116 143
97 56
42 6
