10
20 2
0 2 0 2 2 0 2 0 0 0 2 2 2 2 0 2 2 2 2 0 
1 8
8 13
13 4
4 11
11 5
1 6
6 15
15 10
10 2
2 18
18 19
19 16
16 14
14 20
20 17
4 7
7 12
12 3
3 9
20 18
2 2 2 0 0 0 0 2 1 0 2 2 2 2 0 1 0 0 0 2 
7 9
9 19
19 4
4 16
16 3
3 14
14 2
2 10
10 6
6 11
11 18
18 8
8 5
5 12
12 17
17 15
3 13
13 1
1 20
20 10
1 0 0 2 2 2 2 2 0 0 0 2 0 2 0 0 2 2 2 0 
16 6
16 7
7 18
18 8
8 1
7 5
5 15
15 9
9 17
17 12
12 2
2 20
20 11
11 4
4 14
14 3
3 10
10 13
13 19
20 2
2 0 0 1 0 0 0 2 2 2 0 1 0 0 0 2 0 0 1 0 
10 2
2 13
13 17
17 8
8 20
20 18
18 3
3 9
3 14
14 1
1 11
11 15
15 7
7 12
12 5
5 16
16 6
6 19
19 4
20 9
0 2 2 1 0 1 2 1 0 2 0 2 0 0 2 0 2 0 1 0 
4 15
15 11
11 20
20 9
9 6
6 13
13 1
1 8
13 12
12 10
10 5
5 17
17 16
6 3
3 18
18 19
19 7
20 14
14 2
20 17
0 2 1 0 2 0 0 0 2 2 0 0 0 2 0 0 1 0 0 2 
16 3
3 10
10 14
14 18
18 17
17 20
20 5
5 6
6 8
8 9
9 1
5 7
7 13
13 2
2 15
15 11
11 4
4 19
19 12
20 18
0 0 2 2 0 0 2 2 2 2 0 2 0 2 0 2 2 2 2 2 
2 4
4 12
12 3
4 17
17 18
18 14
14 1
1 10
10 16
16 6
6 8
8 5
5 13
13 11
11 15
15 7
7 9
9 20
20 19
20 12
2 1 2 2 0 0 0 2 0 0 2 0 0 2 2 2 0 2 0 0 
4 2
2 14
14 20
20 8
8 18
18 10
10 16
16 19
19 12
12 7
10 11
11 5
5 1
1 9
9 6
18 13
9 3
3 17
17 15
20 11
2 0 2 1 1 0 0 0 1 0 0 2 2 0 0 1 2 0 0 2 
1 20
20 6
6 12
12 7
7 16
16 5
5 14
14 15
15 11
11 8
8 18
18 13
13 2
2 17
17 3
3 9
9 10
10 19
19 4
20 19
0 0 2 0 2 1 2 1 0 2 2 2 2 2 0 0 2 0 2 0 
2 17
17 16
17 12
12 3
3 9
9 20
2 13
13 10
2 19
19 18
18 6
6 4
4 15
15 5
5 8
8 14
14 7
7 1
1 11
