949
9 6 24 11 34 9 18 11 17 18 16 46 4 9 21 29 35 8 6 35 11 36 21 6 15 47 4 20 22 34 41 28 33 45 25 41 6 40 1 42 47 17 1 37 16 25 35 43 4 50 35 1 25 49 39 14 15 42 3 12 3 13 5 18 27 8 9 13 49 4 36 20 45 43 28 18 10 14 37 5 42 19 31 37 44 50 3 24 2 6 37 35 31 23 45 50 34 33 41 5 19 39 25 2 21 20 9 44 11 39 22 1 44 19 19 31 3 41 14 42 15 47 49 46 6 20 6 28 41 8 44 38 31 36 7 17 46 31 25 18 12 35 27 15 19 38 20 14 31 13 10 12 9 41 29 1 11 15 29 33 37 25 18 48 29 24 13 9 31 17 45 46 39 36 7 41 2 48 13 4 22 5 15 12 46 22 49 19 32 18 46 48 30 3 16 48 42 18 41 16 29 8 44 15 25 2 16 31 1 7 42 7 19 24 33 40 24 15 15 44 47 34 43 5 4 14 46 24 23 14 26 42 5 41 40 34 47 13 14 18 41 22 5 13 16 10 16 34 9 36 31 1 49 36 44 2 21 17 30 11 1 38 8 17 44 44 42 16 24 47 22 19 18 5 9 12 13 2 38 32 19 11 26 48 8 18 41 9 49 16 39 30 26 25 12 43 34 46 28 4 25 37 27 37 19 17 44 7 22 44 19 24 23 42 17 40 47 34 44 46 12 33 32 20 41 33 22 50 26 23 2 2 16 3 33 8 2 26 26 24 42 6 34 44 1 20 32 49 19 30 33 34 43 17 21 13 47 15 12 5 39 4 29 3 10 48 48 37 14 3 20 46 42 28 46 41 12 19 47 16 34 18 41 42 31 25 18 43 33 2 50 23 2 10 10 40 13 15 41 40 20 42 17 48 31 20 12 15 27 38 4 50 7 28 14 4 47 12 4 47 17 26 35 44 8 34 27 41 48 11 14 16 10 18 37 8 29 42 43 20 25 43 16 22 40 4 2 11 50 30 33 16 5 45 6 45 39 21 12 16 19 35 21 15 35 10 25 26 29 26 23 44 35 9 34 22 9 27 37 8 29 30 2 50 31 1 42 37 45 28 36 29 48 10 33 40 27 13 38 3 44 4 33 30 26 43 45 40 13 45 39 43 44 17 44 13 19 30 46 34 27 34 11 19 37 42 32 7 44 33 19 10 38 27 34 46 31 13 39 7 1 8 21 29 4 28 1 48 20 37 39 19 10 28 27 47 27 50 27 26 32 11 42 40 34 12 2 18 20 32 49 24 22 32 49 34 24 31 47 16 4 48 45 6 35 15 36 28 9 10 21 37 48 10 37 32 4 25 5 27 28 50 39 42 37 22 20 44 28 45 23 5 44 7 17 50 14 9 28 24 6 45 12 5 47 13 43 30 15 37 10 2 21 16 11 47 20 23 43 28 8 50 15 31 2 21 16 30 8 40 40 12 19 48 6 5 28 19 33 21 18 24 45 30 22 27 16 36 42 32 1 7 14 14 21 1 24 40 17 47 34 21 28 16 11 20 44 49 19 5 38 19 4 15 1 35 48 48 14 20 43 40 2 50 20 29 9 16 6 49 19 38 40 14 5 22 37 6 47 27 14 31 9 29 46 23 15 29 39 38 23 42 26 42 36 35 49 17 30 30 39 5 21 50 21 4 11 44 5 17 38 7 32 21 44 49 11 24 22 40 39 1 12 19 35 5 38 20 31 23 24 16 25 22 37 47 9 13 26 21 1 15 42 32 34 33 22 13 27 16 40 42 20 49 17 16 25 8 26 18 40 47 45 2 8 8 6 37 13 18 27 5 12 1 10 50 42 22 20 9 2 13 48 33 29 23 36 34 32 21 47 30 44 25 34 38 32 13 50 10 21 15 1 4 24 6 33 34 11 33 2 32 4 1 46 45 32 37 31 33 22 5 40 33 38 44 11 24 25 19 6 43 46 48 39 3 9 41 32 43 30 19 15 44 39 23 27 7 8 40 6 30 17 8 7 21 42 41 16 14 18 4 5 46 36 31 29 15 1 36 16 39 9 6 50 42 28 45 5 14 30 26 36 11 22 9 6 13 30 36 25 11 23 28 12 17 38 34 46 47 10 17 34 15 9 28 15 10 34
574
324 848
103 641
152 648
286 704
163 535
683 834
767 945
153 867
620 799
338 411
930 945
623 719
71 368
944 949
244 258
619 711
727 795
17 293
873 940
550 678
226 290
794 887
596 603
565 715
488 671
742 926
527 757
568 618
62 84
527 694
243 812
150 334
596 891
79 835
503 889
545 782
4 171
843 917
833 880
250 944
85 391
914 926
910 933
263 446
918 948
65 540
736 840
360 873
937 944
594 647
472 675
657 725
650 765
432 536
823 860
878 892
46 271
314 933
884 945
421 749
915 922
48 670
396 726
833 906
413 557
126 419
631 681
692 848
696 891
429 935
556 880
797 890
89 930
159 247
12 470
763 935
196 826
165 501
759 854
505 902
275 650
697 934
530 660
481 856
860 925
544 821
824 856
901 937
715 763
888 916
147 933
582 739
259 535
57 472
64 287
69 572
44 922
593 787
777 812
342 877
165 269
558 753
905 933
898 919
769 789
558 625
629 776
314 431
570 649
401 912
35 482
764 791
798 809
663 946
83 574
304 628
838 923
200 831
270 336
336 928
356 881
619 736
285 793
111 729
762 825
216 851
912 924
273 433
712 750
165 680
808 810
302 650
219 255
836 867
316 542
111 182
720 901
465 670
136 911
695 820
209 766
449 637
573 650
73 602
248 387
419 471
680 802
242 268
306 441
12 254
861 917
607 835
228 473
374 424
692 840
785 935
728 900
664 732
82 924
914 926
935 939
782 943
859 936
407 624
295 806
851 890
642 696
670 701
208 628
414 936
480 567
599 832
894 949
898 925
358 715
697 758
56 660
882 929
101 360
55 83
137 798
751 849
182 863
162 613
776 850
281 697
76 552
918 923
465 478
291 766
45 60
672 910
342 795
523 668
43 439
133 664
855 926
314 846
99 232
298 645
648 749
938 949
628 920
145 385
343 353
823 844
695 931
947 947
139 550
85 448
23 684
794 822
880 906
764 945
844 892
936 942
619 848
5 269
454 489
276 543
944 944
615 849
259 710
707 946
103 651
254 594
219 682
621 741
395 476
676 934
610 906
415 597
314 625
310 699
72 469
823 881
101 761
363 846
279 516
464 827
623 880
223 767
203 297
400 873
645 754
893 940
422 908
52 172
127 882
3 667
7 412
365 699
509 711
326 644
403 879
434 800
122 918
853 918
603 905
391 858
530 847
413 466
237 245
467 667
518 891
592 810
555 920
818 917
905 937
843 933
867 931
395 851
838 865
244 936
513 538
7 122
823 930
650 680
815 940
386 388
735 845
144 316
731 882
418 458
450 684
588 633
716 724
444 883
920 947
178 413
267 280
216 494
888 934
147 651
191 277
464 665
722 726
488 724
243 631
303 441
499 922
10 104
14 602
838 866
377 470
173 411
412 927
626 803
148 429
411 642
170 173
720 836
600 899
674 738
602 802
728 751
713 816
809 936
64 471
935 935
456 945
672 834
280 779
651 839
838 879
40 223
100 312
655 675
848 947
807 947
497 563
228 873
258 531
683 688
619 856
764 847
235 862
114 345
334 891
874 883
818 833
415 945
850 910
496 750
7 357
818 847
818 881
418 887
570 635
399 571
555 718
237 453
650 748
946 946
735 893
824 835
570 867
409 925
343 883
771 785
174 715
806 861
418 691
604 726
890 910
374 943
307 592
776 930
409 839
321 624
874 893
901 924
374 765
405 640
705 827
135 158
477 892
602 689
692 878
726 776
274 785
631 945
664 851
411 949
392 417
597 781
421 815
81 797
837 905
15 880
751 831
826 864
105 656
891 903
206 639
669 813
546 680
310 568
236 911
510 933
628 739
180 618
802 884
501 611
893 910
872 948
576 819
394 871
221 621
270 785
436 873
857 864
848 886
657 922
917 947
933 949
97 142
508 939
393 403
239 355
523 764
673 726
181 303
858 928
919 933
838 862
619 759
243 657
449 519
223 577
455 893
773 937
513 846
785 936
31 442
295 554
729 796
280 740
66 196
341 445
221 361
378 393
143 386
308 683
612 849
508 621
729 921
137 808
337 620
53 796
281 675
243 590
845 910
76 710
513 839
413 722
125 833
317 591
528 832
346 587
586 714
207 717
923 944
724 829
231 852
446 478
781 948
271 846
645 781
277 486
896 941
450 895
652 702
821 940
673 764
480 731
511 566
780 908
674 917
401 711
842 876
632 808
751 834
105 878
915 923
675 921
694 739
307 507
890 929
718 765
303 570
841 886
121 927
455 786
235 712
285 617
571 831
782 936
818 934
42 362
786 942
579 597
703 805
926 947
939 942
881 891
60 632
612 810
520 521
840 853
278 470
325 748
140 662
453 546
851 923
854 910
898 930
123 316
561 946
4 393
916 932
612 709
262 446
477 610
135 546
891 894
163 822
368 875
597 910
489 794
567 751
680 719
481 501
748 894
590 628
458 784
730 739
82 633
656 743
196 276
863 897
374 626
881 932
699 936
444 927
37 385
332 414
119 816
553 941
164 257
20 188
493 667
703 748
566 737
127 935
777 931
916 931
666 834
421 639
402 570
75 443
561 878
397 496
393 916
858 928
248 548
246 911
292 900
248 753
346 690
86 105
385 570
470 765
69 784
