450
22 17 4 3 14 19 38 7 32 31 25 37 31 12 30 37 8 44 20 40 28 36 35 36 4 2 41 30 12 40 10 6 40 32 26 29 31 17 14 6 20 36 27 18 1 6 38 28 14 11 27 8 4 42 12 41 35 2 4 18 11 11 25 22 5 28 42 22 18 4 20 29 22 35 13 8 12 6 25 42 21 35 24 34 44 37 30 47 28 28 26 20 41 19 33 6 35 39 31 43 12 12 33 44 23 8 8 28 37 47 34 20 11 15 37 1 15 13 25 10 36 47 29 43 26 42 41 20 3 40 21 13 9 42 21 38 47 39 8 47 10 42 39 6 10 3 35 40 20 11 5 47 49 24 38 23 2 21 7 45 5 46 4 50 12 8 47 20 46 43 18 21 40 22 20 1 45 3 48 16 7 3 18 12 7 46 2 17 11 32 12 18 27 11 3 31 28 4 3 13 29 14 46 39 50 12 31 7 17 31 30 45 29 12 48 40 32 50 5 46 38 31 15 26 2 5 4 38 11 29 17 17 44 50 50 16 6 26 28 40 20 2 11 6 9 41 15 28 39 35 31 8 45 7 7 26 34 8 14 49 45 13 22 9 45 46 48 41 26 30 39 20 38 25 41 47 11 44 25 21 46 37 5 6 17 20 1 7 35 10 5 25 32 42 9 11 46 16 35 10 47 31 16 48 1 9 28 33 50 9 17 42 25 6 10 1 10 36 46 24 26 27 43 19 48 38 32 11 6 37 36 36 21 6 40 24 5 17 22 37 17 27 16 35 40 18 38 43 18 1 6 50 36 4 26 29 14 34 17 26 25 47 31 39 50 6 17 26 49 25 28 31 44 3 26 30 17 6 5 29 28 45 38 48 49 17 8 38 3 6 41 11 24 3 32 34 45 41 44 29 42 25 5 49 14 22 11 24 21 25 47 48 50 13 49 30 6 8 34 39 39 32 21 29 24 47 39 31 32 1 43 4 46 10 11 20 23 16 33 37 30 30 13 6 26 7 32 42 1 10
819
219 326
114 235
357 395
221 232
75 246
294 447
263 384
234 324
89 268
289 304
396 402
121 142
84 104
429 442
364 390
84 289
386 436
353 436
375 386
289 425
430 441
73 80
103 289
63 448
16 449
94 374
155 204
186 220
267 315
132 143
122 397
270 325
418 436
272 378
295 349
94 332
229 311
355 405
207 304
49 348
279 286
297 377
31 213
373 449
361 387
333 427
225 257
174 275
390 425
189 206
422 441
26 134
189 212
63 328
38 61
361 411
46 193
196 323
135 164
439 444
140 244
396 446
87 325
27 233
426 438
238 346
313 322
89 371
371 440
55 114
268 413
153 295
442 443
295 442
40 107
403 428
281 430
428 442
406 443
203 260
74 309
83 249
130 432
15 224
266 445
184 346
93 158
119 417
194 211
195 279
128 234
375 422
108 209
253 357
182 364
6 141
440 440
64 358
375 424
393 425
314 412
293 310
125 189
157 178
42 96
203 444
99 299
326 382
387 431
340 367
173 213
345 399
207 254
165 168
371 417
287 350
386 411
127 216
363 405
77 94
81 376
197 384
250 327
180 401
304 393
76 158
196 246
424 441
397 432
434 436
198 316
43 169
207 293
244 260
370 431
389 415
49 448
119 400
245 354
290 350
43 282
164 422
292 398
336 430
342 386
352 387
68 356
373 378
296 347
409 448
118 145
266 447
359 371
24 234
430 440
96 315
388 393
58 212
293 306
141 403
28 302
272 404
124 386
265 398
321 429
442 446
199 367
159 287
212 313
401 419
246 343
65 190
166 259
61 81
204 267
185 233
29 348
360 406
421 447
297 342
249 250
385 443
302 420
74 200
125 215
363 376
140 411
387 410
352 443
7 234
151 198
182 446
284 388
446 446
2 11
343 390
168 444
437 449
97 330
50 151
234 303
448 449
112 321
112 119
223 428
342 436
76 83
277 424
415 448
323 369
35 91
435 448
225 278
138 360
347 442
85 170
166 205
275 434
147 446
291 384
362 389
190 444
97 365
87 223
426 431
297 353
25 141
384 423
158 311
307 437
130 259
359 421
396 437
144 353
41 89
281 411
389 419
15 382
160 328
252 268
152 424
75 286
107 189
124 338
147 270
309 372
173 380
95 320
445 447
208 272
102 363
369 399
347 359
349 381
13 253
74 95
189 239
24 106
268 328
192 413
322 428
363 380
288 430
82 243
71 374
129 359
25 379
287 399
78 432
353 375
166 231
172 237
242 430
342 436
337 369
88 139
279 339
98 288
423 429
339 407
42 114
103 191
94 176
303 370
305 418
420 446
69 199
448 450
148 362
280 295
212 282
341 374
450 450
427 429
289 392
175 445
314 404
252 432
156 246
284 378
200 298
359 431
252 318
256 259
332 340
282 420
261 415
358 414
118 326
441 443
95 406
107 337
314 407
292 321
359 377
81 159
197 448
357 396
359 444
194 210
85 92
128 191
408 411
359 394
80 165
394 429
5 25
363 450
72 375
184 358
361 403
226 428
3 408
22 339
269 325
398 450
279 360
12 15
186 320
265 365
66 186
297 449
404 416
168 396
222 374
191 307
380 435
243 325
160 184
402 419
5 157
328 434
15 277
397 443
21 125
145 275
23 164
269 297
296 401
68 216
367 423
41 370
51 381
181 332
319 341
227 291
146 287
170 447
175 303
399 441
155 331
282 294
56 390
242 249
152 428
391 430
245 261
445 445
339 415
279 393
241 373
210 333
49 298
251 295
23 339
106 140
440 440
127 243
259 419
206 427
109 444
131 420
349 353
149 162
9 282
232 364
152 417
243 356
322 352
445 447
148 294
339 399
128 374
283 447
216 448
391 396
382 440
7 132
180 359
291 326
68 181
429 443
394 398
91 288
145 265
38 354
287 427
117 318
202 428
140 311
219 427
178 447
68 419
14 19
141 219
199 428
266 434
333 410
232 285
122 433
177 419
221 433
320 392
305 357
217 354
402 427
256 389
421 442
104 177
421 425
20 163
292 391
349 367
258 301
194 285
443 444
415 436
371 426
103 140
278 332
428 431
137 317
203 376
237 319
41 433
342 447
28 407
378 420
27 111
438 442
37 81
74 304
205 246
249 271
370 442
225 252
19 151
258 351
159 244
253 305
391 431
318 415
331 373
106 246
357 369
420 434
338 377
233 408
409 432
175 315
173 379
203 323
427 447
220 442
105 319
299 359
39 205
69 332
250 322
388 421
42 437
153 422
147 222
208 221
394 422
427 427
65 265
229 440
156 270
367 423
347 423
377 397
405 446
352 366
27 34
230 399
195 375
48 130
212 234
67 108
210 258
425 427
3 303
358 413
429 432
124 380
295 347
312 402
435 446
17 119
177 243
34 388
151 161
26 294
385 441
269 319
231 333
119 165
346 395
314 339
221 310
284 444
47 416
329 388
263 333
388 437
175 327
367 414
445 445
201 244
258 333
93 352
60 179
322 376
107 132
113 115
99 353
356 367
162 276
53 291
173 315
87 450
272 347
67 89
232 363
59 234
150 237
204 448
319 392
118 421
336 421
389 433
311 321
180 261
243 266
315 333
158 410
443 445
36 263
370 414
432 443
45 332
133 353
12 250
205 246
134 218
325 391
175 328
23 49
239 355
102 353
171 410
65 204
199 312
302 350
319 396
230 439
64 424
57 429
358 380
103 209
155 195
228 426
243 266
150 337
366 426
28 410
129 136
108 177
394 446
161 413
375 442
220 368
194 270
195 243
261 432
110 253
72 172
405 448
278 324
116 160
298 428
424 429
213 440
272 327
110 375
392 422
371 384
175 252
3 79
389 427
264 264
118 234
285 388
162 404
307 363
153 213
250 437
81 358
256 341
349 423
14 448
76 281
41 177
421 429
1 70
78 182
412 436
343 429
311 333
252 443
176 294
226 379
382 385
317 337
302 425
157 191
402 408
159 363
78 180
196 386
342 443
340 383
344 370
219 281
377 381
241 265
315 380
32 296
270 281
24 243
231 370
89 431
38 133
9 429
111 362
259 337
299 401
44 137
447 449
139 324
279 404
169 230
170 260
433 442
316 430
252 313
94 197
167 398
101 366
37 420
135 346
228 376
432 439
179 186
25 145
389 397
393 398
412 437
271 332
324 395
438 441
258 361
324 383
185 261
420 428
100 213
79 379
33 136
249 339
164 273
436 439
239 323
174 222
9 25
417 444
79 296
273 348
248 386
30 277
75 103
150 160
119 262
272 394
358 419
262 439
40 264
213 237
222 366
91 223
321 397
310 331
186 388
116 245
236 372
254 360
297 398
164 329
259 280
137 213
75 429
406 445
311 397
250 356
55 293
437 450
177 273
3 62
6 248
278 312
138 229
335 395
150 154
173 183
187 200
442 447
302 443
173 400
103 287
396 433
33 284
434 450
150 399
165 426
163 450
33 52
142 152
398 408
46 353
37 268
167 202
182 266
34 256
104 154
334 361
233 375
62 221
106 438
407 446
92 228
29 93
252 283
352 410
71 394
118 129
120 431
9 273
196 262
402 440
98 361
337 412
200 232
420 438
194 296
130 154
16 375
23 400
332 367
47 94
75 368
385 416
349 375
151 281
176 293
287 336
182 393
270 396
22 377
212 423
215 357
299 354
280 287
322 359
289 311
333 368
275 436
63 397
87 407
404 404
191 365
321 381
402 416
147 342
183 294
347 386
239 449
404 431
449 449
118 319
