420
39 11 3 43 40 4 43 6 37 49 39 46 49 14 19 34 23 48 50 29 40 43 22 33 46 33 30 30 26 44 5 38 14 5 16 19 13 37 33 37 20 8 30 20 3 17 1 46 16 25 45 9 8 4 24 47 47 5 42 16 19 32 49 6 43 43 37 28 37 13 30 5 3 29 45 42 32 5 47 8 18 10 49 18 38 41 2 50 47 15 33 25 16 10 14 6 28 29 21 41 9 4 3 33 47 35 39 29 46 38 12 16 16 34 38 39 19 31 17 50 3 31 6 3 33 3 38 4 13 1 34 15 18 16 42 32 50 33 9 37 6 14 19 13 16 15 29 27 46 36 7 41 16 13 45 22 39 23 48 2 42 32 43 46 1 22 49 49 22 22 49 22 38 3 20 26 30 46 24 12 28 29 49 40 18 47 16 8 25 46 43 12 35 2 6 46 49 27 21 13 12 45 46 12 43 47 47 1 23 16 22 41 9 20 4 50 6 31 23 11 28 45 10 15 36 20 14 30 23 45 20 37 32 29 23 41 19 1 13 13 20 5 19 5 12 26 35 24 17 17 8 18 48 24 7 29 25 34 37 9 22 30 43 49 45 2 41 29 4 5 6 14 7 33 33 43 43 27 23 26 19 43 14 27 17 41 41 16 12 12 39 38 12 1 34 29 9 48 41 5 28 46 44 26 14 28 40 36 40 4 32 34 43 26 42 32 26 12 23 28 21 38 22 30 29 29 11 8 32 50 45 6 48 48 19 22 39 34 29 44 38 11 13 9 39 32 41 31 7 36 2 22 48 41 14 27 23 13 47 34 29 5 1 20 20 18 33 11 9 25 46 44 23 26 3 12 4 28 29 28 21 24 42 4 46 32 21 29 4 2 22 19 32 3 22 17 10 38 4 41 45 7 25 46 3 27 22 31 50 8 9 11 44 13 26 34 35 42 1 44
795
236 261
167 241
52 377
212 221
271 321
83 161
62 172
324 359
156 398
184 243
291 344
309 405
269 409
47 225
315 390
106 128
159 235
273 354
197 401
250 287
24 176
88 294
124 145
240 378
326 417
352 352
191 213
386 402
183 326
294 310
342 370
231 418
84 208
196 302
331 409
257 417
420 420
400 419
360 365
6 399
24 68
289 332
353 417
370 402
153 308
141 154
5 116
270 402
348 365
11 281
220 262
406 414
274 337
276 332
252 362
70 315
273 374
214 318
58 293
374 417
292 399
225 420
420 420
128 180
355 381
35 35
15 345
252 368
94 368
150 184
317 338
189 279
279 376
174 330
284 348
369 383
128 206
162 272
245 396
65 310
381 398
122 231
180 376
290 390
60 84
209 399
339 420
185 248
29 314
280 350
261 292
314 316
369 400
73 374
328 408
376 385
271 366
129 228
139 315
411 420
115 372
173 268
17 45
31 234
350 373
32 383
161 264
150 340
74 168
372 409
233 299
157 366
156 166
10 384
265 380
294 379
400 418
228 392
407 413
315 385
337 354
316 378
118 138
116 184
258 306
80 218
199 282
75 311
222 302
349 394
390 402
239 253
344 362
39 249
284 351
133 140
356 365
377 380
7 200
384 414
95 111
361 363
288 336
45 127
255 376
296 340
203 393
366 367
94 162
199 338
196 310
225 386
342 383
359 408
325 343
310 383
189 379
220 366
131 333
93 225
406 407
91 414
414 416
274 311
193 202
52 53
112 273
395 412
319 410
9 362
381 409
55 418
326 356
245 300
91 237
368 370
341 404
294 391
412 415
343 353
131 163
343 388
271 327
175 240
215 358
182 408
59 332
404 404
176 185
241 302
139 298
29 275
281 347
391 396
152 269
408 416
135 358
295 406
226 237
85 380
43 176
349 393
190 212
111 138
156 172
136 255
19 328
39 210
68 335
190 215
136 331
362 378
141 403
346 419
271 403
340 402
269 384
285 370
259 342
66 70
264 380
290 338
24 333
49 350
362 364
341 385
89 323
3 115
28 173
400 418
227 296
100 417
6 378
367 385
285 285
65 284
93 120
199 231
319 341
365 418
392 415
192 332
64 200
306 358
135 290
90 126
274 388
413 414
388 400
80 267
269 309
351 386
72 178
252 325
173 176
167 327
116 244
176 351
162 184
62 170
289 325
40 278
227 234
196 347
249 328
21 236
207 257
113 184
139 399
34 149
21 262
207 415
84 385
312 412
273 411
158 280
330 370
49 182
88 384
414 415
350 411
404 404
379 379
10 380
301 384
246 359
372 415
394 420
333 413
362 381
86 370
69 262
144 420
139 368
55 250
155 410
165 259
289 334
303 388
393 415
47 296
238 399
360 389
272 345
29 304
152 344
188 252
160 415
46 204
246 319
109 184
204 266
384 411
405 407
211 304
229 347
325 407
59 229
184 382
160 160
54 349
392 405
316 366
6 13
46 152
315 322
311 420
138 260
400 414
406 419
223 407
204 212
79 133
99 178
46 81
245 284
262 415
22 332
155 368
222 247
236 403
346 363
90 380
140 206
173 173
138 367
351 360
143 238
52 101
150 178
302 343
183 234
150 262
251 279
78 403
87 258
158 398
296 418
282 396
313 325
53 222
54 368
331 345
42 107
331 352
245 394
224 225
382 414
326 390
177 364
12 238
286 303
151 314
38 96
98 370
289 383
149 239
62 119
94 379
7 374
116 260
292 395
51 362
119 355
96 140
332 356
415 415
271 305
277 302
168 283
236 267
294 296
412 413
90 363
124 247
306 396
228 254
36 346
18 88
418 418
143 242
76 188
385 408
309 383
380 400
48 326
309 407
268 332
293 394
262 404
204 408
189 306
343 343
392 393
301 374
171 172
265 367
275 292
325 343
232 411
48 350
306 336
381 396
407 411
21 182
213 262
250 415
30 286
86 215
26 239
357 416
309 394
36 250
217 230
2 145
117 399
283 316
364 367
402 403
375 386
189 298
234 385
390 404
200 250
144 401
285 368
14 158
363 370
103 120
122 410
74 259
248 372
259 339
380 392
276 339
347 388
114 178
99 152
234 361
53 229
419 419
117 228
88 203
181 298
213 218
13 392
273 361
275 389
128 216
104 336
22 148
298 337
105 112
124 260
320 387
246 287
93 190
176 283
79 175
209 258
158 376
195 197
396 403
283 385
375 399
222 289
126 291
197 311
267 271
197 294
221 356
368 384
410 414
396 407
411 415
200 382
395 402
416 420
63 127
278 312
229 327
286 398
179 356
335 378
298 307
361 415
270 330
147 389
355 416
326 419
354 356
108 280
362 372
163 220
414 416
208 272
407 415
21 69
65 341
304 362
278 415
316 408
120 346
346 360
187 277
174 195
275 292
210 395
119 401
249 302
4 388
149 244
57 338
71 185
241 367
225 399
370 384
225 386
265 312
70 317
332 341
12 393
203 256
346 398
387 408
416 419
164 198
415 415
395 417
87 110
412 416
121 416
333 344
154 220
104 112
200 293
103 414
162 390
356 356
160 317
50 216
221 397
266 320
128 243
302 348
113 301
305 371
16 187
1 407
136 263
6 230
373 374
154 408
126 214
9 369
337 357
44 156
393 405
55 281
16 242
264 341
307 364
64 161
318 419
109 136
340 378
402 416
412 417
352 380
118 342
231 345
384 419
168 236
367 396
80 347
315 364
318 402
139 329
51 265
141 163
24 73
108 335
6 344
395 420
282 384
93 311
182 272
78 288
358 396
337 397
397 399
399 413
206 347
13 413
320 381
167 225
198 267
191 357
56 69
188 381
127 143
389 405
239 310
147 401
387 396
414 415
315 382
361 367
36 62
71 339
275 322
294 385
146 283
380 404
57 232
219 315
209 264
165 412
31 209
72 414
337 382
237 255
53 114
253 296
240 327
75 205
53 207
360 368
179 237
390 392
182 210
243 388
179 290
7 114
382 402
26 31
10 98
219 387
28 339
43 400
30 186
26 212
13 18
76 123
327 343
382 408
173 193
190 358
115 158
391 399
335 416
170 385
254 319
81 241
323 397
104 274
331 417
255 329
47 103
332 365
390 420
137 301
301 306
231 251
260 398
390 407
340 359
70 411
327 393
110 334
244 332
362 379
405 408
9 148
288 290
61 385
333 393
18 131
372 411
160 400
278 344
299 400
265 377
403 406
12 111
159 347
278 415
254 325
32 116
29 220
242 372
290 294
48 277
249 293
138 197
112 402
211 219
227 346
220 279
148 377
364 403
230 339
333 402
53 405
109 199
236 324
34 277
165 340
31 359
157 334
70 184
143 235
225 327
4 46
352 394
302 333
214 332
405 414
285 356
373 413
143 162
382 397
408 410
374 376
4 339
268 379
275 308
13 138
45 191
22 29
59 328
410 415
312 405
285 371
293 396
395 420
288 401
148 320
278 390
108 286
246 284
239 333
268 326
171 191
274 342
202 392
254 403
152 293
314 358
374 392
106 379
3 316
312 324
416 416
64 237
371 419
259 364
198 363
293 341
251 277
259 279
330 362
22 352
115 404
315 396
129 195
244 308
198 407
26 360
285 412
57 380
336 403
229 348
370 395
243 334
