1000
98058276 37042304
5953845 15422349
27356638 93213161
34114198 70936470
87535765 62839039
48240111 41475480
96112100 70968335
64686928 74903586
17129602 46095223
65059906 26130261
33416104 23063652
15696699 78277491
94118438 21411068
56924015 49407426
58981638 84717546
59093872 6830460
18569861 96862873
64843847 29880085
10628349 40468622
73208531 46356600
78018877 99807105
25327423 18059935
87908752 19888424
92179233 4048488
22105360 70252263
49102868 35236444
90559275 13289078
6971251 6421726
95953147 86823131
1443645 44362488
96645203 49244627
3976569 10216562
11850360 99024080
41872996 27540578
14314754 78501617
41975826 89856998
31162958 46412463
14644320 68606175
65894247 51642711
97574597 92391591
78332909 33192861
63821324 77143431
73812276 82969300
39054669 28976738
58094122 93621879
96933336 38437299
93366912 36417888
98337930 6008701
19691740 76027504
1380847 47016721
64551936 26334917
88512891 48011971
142629 10761084
4502396 15434726
13412947 94222881
42715157 28039061
77680281 92798169
73544819 14071347
21649125 96157092
35539399 16148938
82270580 45824450
22847903 92303037
88276 63835697
10250604 24483377
99991957 98741814
29724974 78080070
87801545 84647661
24604923 35703257
81787093 62687854
58502199 60121855
15925815 31623897
82963456 12205411
43756090 36966651
1845633 89367435
73908815 84817728
85903181 54177399
68938497 46720957
37505908 50725625
38693936 4767367
71449872 28975543
35769378 53947136
25335204 82831424
53919156 25160894
27962228 41792836
55319071 78667672
89390227 63620273
52786123 60276604
67459406 87145553
58199823 22352006
6421554 22734072
85549428 65093447
29508924 79786815
5693439 57959609
67095650 66882667
46679111 93750356
9268768 19831622
65123503 28593806
26183435 45497762
30681942 51628452
23758821 45355823
97510540 26586131
10418392 12788697
19745423 92680143
60060020 13988704
9265303 56845242
55437575 10695722
4236740 8840451
51024906 25672603
83440980 41282597
44946466 64091873
1298921 57651931
32111837 39541077
93192035 93621071
96414323 57919787
598143 33639664
40510577 53121146
12620012 17677928
11477824 47291050
47216412 43107128
6236259 21863546
69006830 11334593
65805752 21116091
25311822 29276517
32300870 39058835
64124682 6544396
65140183 43585493
20090696 18862116
58004450 28407654
47623531 9495494
76629800 49180205
94517981 45748871
70897347 73491001
42668987 29668069
91722728 6004772
28166803 71538
80773792 48173803
10681741 17380571
11980919 99347730
42738820 8699597
87546238 18376038
68254009 61144849
36900437 20949381
87420659 56527975
79317769 26197476
42632456 68068872
24516267 67393459
35869970 26951477
50810319 12856743
14828870 18388617
34886816 38273220
73116892 14952582
50119855 64056029
85990609 88491161
4536348 47501222
76309999 31148182
9716189 3213894
82285721 41857412
50998942 50597840
80382467 87938636
75539165 74918556
59271750 73961234
27808627 32271529
15163710 57144002
87678888 74177788
12968437 40001372
49217672 17517112
36296934 11357843
62134247 98653444
83003151 30962493
94572427 29407346
46341054 29421979
27210914 79808727
16139432 90309312
66691610 19588406
90260914 7122492
95962557 15521810
89444972 54125348
25944171 52967269
52694817 45441909
80808499 64583027
10433713 83713716
60875083 3921764
49595121 88459164
85334296 14044421
26503027 40108612
18042621 28525923
9923932 18151640
52639400 63259632
66972236 81980347
87773207 57897794
34165935 4455028
17238329 66360330
50987823 41181502
38265290 70114583
92850534 88076985
82978780 81433526
98079611 87175772
37784915 3195531
64618399 96670435
46191072 37010820
28987656 99008917
51820915 82800271
77607358 52601685
3245766 96212529
14747391 72286333
76505681 85070822
59710791 81469070
17736091 4300147
81883571 57336791
59514189 62991768
64817291 93405865
64311357 95332231
91008228 34712732
98515679 6857116
32895334 80912220
63367158 36014724
75937503 97031142
52451511 51392314
71289906 972165
33333267 45388499
51798503 76704810
69385381 8720875
81418223 34838254
70651074 42166438
26952706 49236250
90332238 78995525
78504278 21990496
615760 38767855
20084708 54516
76459416 27117839
66882172 11750742
33036533 70319321
78398436 36236089
7109431 38878505
97000652 13753069
77828983 98589879
45715651 52208167
15539483 43517739
9940302 68606387
68995645 60499725
21512220 94767667
71731147 70102049
98240006 88818634
4818230 73435552
90842287 88134588
63230843 57238763
25349872 42691228
4648292 47279219
84407331 11822381
64878845 53147488
56895542 4293732
81887369 61433768
23275062 47678746
88266609 58390888
9660090 48143875
9159867 74062055
14807041 78378634
36813404 74247116
22961303 18997591
39938307 30449495
42891757 47156146
24504862 95628119
75269274 53725997
90509329 68293106
15253020 8392166
49663831 7483348
76202356 43265322
70145354 36677604
14416428 46339083
21921714 96872391
97030373 9186280
98201476 42091746
87580882 15752524
20732609 52260552
49085414 30339185
43652962 93779470
31157289 90733886
5552384 37971687
82348489 67094228
68048239 65852096
36675661 85586449
96471145 83686358
65936230 74413462
88903251 1678342
49979148 93116744
18928385 73053537
42393118 45471236
64937487 66033002
42177542 66422681
63141740 62940221
63582000 24795619
74438613 92067712
52585658 7486902
58124913 4833693
44822384 62708893
1228219 82523994
35694290 87964803
51112883 16208617
79449937 45634783
58142611 91785072
5119197 22928812
19980292 79158386
61106962 84597692
14479553 90873149
77803801 70668967
20323340 85202145
68744596 76393166
18054572 23729394
54347133 39049075
57913649 90557315
77571019 60259741
98421020 59487107
55413305 96772629
5163073 32153689
6263988 49779801
99853171 4689051
3294714 94996869
19558529 86673879
10901312 69302814
96862315 5195737
57872843 16633550
11779466 73444287
34379411 92830310
87076448 31306166
27431413 77622995
65239363 66798901
85742437 41456499
32603620 59371705
83581457 97714649
54155152 22333356
94325797 40189662
54681630 61762517
9732486 65456593
59783122 86345061
81085683 81419352
93898713 20671138
76489569 36831723
75575346 62917683
80210583 41075394
74519146 18451984
36759754 56856709
58040289 61522966
81748522 45480335
83355581 21005757
14864474 42994329
1528433 46595206
54166808 12039937
21254286 69285843
76218909 23887375
49294530 86628837
44703169 97038095
75037256 12992357
42791428 54813784
93443194 7805215
49760095 64927050
40570196 27280281
92560487 25544565
12480293 94030638
52197152 48085558
9308049 79854607
68383777 68469166
42029177 92756166
60460046 55787879
9604795 9767473
53814489 7652601
63228988 81159206
5325051 45444291
92844830 73902225
10767370 20288190
10161042 67135548
93432661 12914159
27644229 23313681
87745945 88560163
71985537 27839991
95065246 18691703
53543710 11217356
80410303 34130887
64386461 3016161
23284463 20112073
60441181 5867202
13678860 75986046
28818603 9137730
5763796 98913719
24510972 53892458
20901725 21531315
32144152 44958963
31787658 45567142
32682942 30970840
66033503 82575636
52307246 71640121
79226345 96357676
12221088 88238671
24286409 81027119
20175748 87705107
23910261 27007286
83598146 3448769
64370921 75966262
6359131 49874607
90959282 7462275
90038741 8989990
49835720 70610039
73664625 13333999
5822147 24880913
43234168 41397868
67689618 33220500
11627788 61668216
59040435 18171968
46008236 34850068
55126142 62200199
55249522 73301089
55940438 14893210
74465390 21888868
8662825 71041235
81873479 77322712
87804572 90859644
649137 92704147
91143923 49233517
43959880 48751845
62669336 32446399
23560025 9400042
93026512 168401
69457011 44910871
98032002 71464608
33256602 73044984
51579012 1083998
81870569 4197752
41902072 59625807
55753893 91804934
97997098 96759849
26458659 46129625
34783485 92248285
38265101 8192974
84688737 95245650
264821 31647898
39078182 62427118
81497636 9630507
67729956 4936407
37697402 25358601
62274350 81808567
44061591 32729791
52713192 16449852
13050871 63191431
84721811 94315882
47264832 91717645
3992822 52995689
54614854 20729126
91198815 32860934
98362871 94186133
57269006 17044160
2915318 18941857
26221530 71326451
45041039 38329596
66575978 36084913
4497538 95293420
99988738 79199017
33229337 21368942
48602403 69062570
18731613 30150860
15532515 29620128
38088152 12738691
44752529 59015028
25280778 45098079
59135310 48639054
3681880 29891346
2170208 9281936
92057457 61340336
29139400 67595612
31712678 29879262
21826899 13935878
92913405 12560410
46872543 11903207
1744487 40837219
73638943 89558401
90987656 19143666
97733195 41714156
83670653 71398109
82006632 67475639
90119811 30091398
88998076 54197764
77629504 45097646
54806259 98668772
47224209 1271723
98020431 65179432
58200586 10631741
13717173 74016897
46977708 87240583
83942692 94433661
32677766 22533469
80694036 98817242
39603129 45653740
36916148 75666922
32473916 39774483
18193044 87009914
45956151 51104428
68886401 28943976
58213197 68353174
71503280 75906428
36010988 22828067
90248167 93261238
43944588 67788790
10783061 6932488
39264239 34613627
44405425 48847413
15723499 61557915
8156102 99501781
97804690 76478600
37442649 47967748
42964755 5404193
5700736 87709458
74297557 35631260
76036144 53019311
96702203 12179805
31089843 80219150
96935520 56981726
2576026 997400
41641674 42600246
67965145 21398968
98433180 4829787
27881262 51439037
82613482 30364013
73252338 17722197
96630563 26820861
20132140 12338397
13268667 50219297
794612 30581974
62726709 77048270
21351698 93627128
20025646 82495904
21390959 15334770
12551907 96192344
79138621 95025411
71495202 53840886
6297052 46200564
75807820 82096129
87728450 38387331
79250807 41904529
51058260 94996750
41839883 62772998
37022414 23475906
49696204 30194218
13063976 56787200
11910759 53515670
44818215 90971822
4981016 81789874
3525456 10859346
48281300 30424229
9363886 1705628
22074038 51791810
52714179 77144579
47424173 87801265
35860282 50321530
59046204 16192885
66917002 45886665
41760254 2156091
87753183 55056956
40238448 3789908
8199649 69432379
273477 68499123
87620387 14248025
1912730 94316292
72913676 9961249
86388794 41219191
82869544 92863213
72909819 81690799
69642304 69944636
74002798 32565303
44743426 9733578
50668633 3366555
59658221 75305849
32639365 27519812
15042790 82679854
86278251 6471433
34112345 57003477
8380987 75348564
68594217 65132159
1681310 91474954
19410026 90605300
39436512 65962453
67779079 83806691
96668318 2141361
73955874 76504561
1657876 48978486
25966117 65884068
9526462 34067990
5871984 3714459
59706941 88612801
52275560 49702390
77362124 33632610
42747493 59897207
48575102 78551282
74957332 21900479
35707918 44214991
49879372 1196028
78822091 15746437
67838137 53578561
17705565 78993951
15793908 16782001
93001365 95098011
43619908 86436719
42394900 77438472
63305125 60928215
65917123 62481359
52730288 88570878
88174235 27761242
67034278 69519330
92751479 79014475
75455126 56474756
51018912 10191110
92190449 12145638
2655901 97064515
936445 60457340
56369077 86666929
96860877 19819029
23542907 78509227
57447252 55664495
74713757 33914014
67472882 13627384
16056574 19822219
52334095 68118429
40694718 35917152
94113081 38836086
97371548 85290917
9205622 69414167
7632214 99178248
66019672 57035884
82460565 70757176
99232496 17432389
2364290 20500029
68128756 54130457
74222567 27833471
79009663 48437772
20779392 39114998
60696138 2744662
10810890 32785750
92742253 30434022
23436582 97612942
70315218 2022863
93182742 30715026
81654725 26593123
72054799 29346941
54390243 60250207
66032758 63629314
38729425 76237120
51858010 10804727
11350815 84285083
28619154 59569930
52440525 42955535
38865382 36545083
60096838 70357112
63880634 49077654
99543929 28106613
62695721 58971310
48795123 16356448
48211090 85394815
90313117 20955094
97123364 39637055
62993874 23208974
85328221 14750504
60581137 78490710
2787784 5144524
85537812 80747154
20953932 3216028
68895596 20693571
22588585 50330896
42792013 28102285
6488890 69591111
38833597 96618323
51394039 5813872
16550309 3242812
51636345 81751868
56418017 30967131
85755967 19043827
22587057 15758273
80548022 38209607
96057451 18373966
60216192 3744309
8314793 40912386
1355125 68444597
15182546 43662701
78327120 71851590
42515711 80773244
24508980 46064850
52173467 90002651
13619184 35441200
48221214 30934511
43409610 70663806
7076952 37705107
95979286 97251215
69742534 61607830
93786578 14109030
79112234 85661373
92549405 88174225
26873569 13253415
70718505 64231802
85149709 87720965
51160797 64407266
30485542 71367014
87767553 16193464
44697463 43534248
36190090 66449281
59121016 55182040
82628538 81748677
47183842 46503861
84628488 51956494
81245680 51696253
93199129 76769437
52482849 45996740
77427414 36845080
16725881 76660267
9863930 7659270
22296031 92017742
63255469 96915108
74505537 90695817
79113304 98019653
48227194 78158571
70695600 85203240
1580277 41597162
10577048 31896545
96710736 14668863
47071426 10586424
67156349 6715353
39199433 28831627
82086650 96931362
48243929 47343637
19635072 66401322
64054263 20845943
62295385 64304310
55809897 22006685
50877077 30462037
91756040 19727991
42643890 73389893
7405418 34871671
45289751 57510627
51302981 46091610
91732120 55809714
95236429 88964774
37941070 8137694
46201072 40422887
62172728 3290825
15384403 1142988
53486431 71629506
9609188 59044323
51758560 71223465
3835386 16020685
13938778 1162663
41672746 40939993
43686203 34538025
87292981 66006312
19257648 56632787
88461969 83435357
18182408 9261477
98397906 28732471
68750664 88144716
92511751 40550561
54973564 78844408
60429304 23524932
96130658 62345932
59504297 18434056
34756395 45428613
65751194 96142716
64277660 40738671
16461774 55331169
21758538 79211587
67059923 51326794
28453845 86495587
49912901 21969124
47002955 54839687
61199333 66647657
57251164 85372066
46114707 60375183
67277978 57425798
97995331 56339673
54975830 89268761
59253656 31324824
2314351 90409593
99479560 83013707
25729836 41591865
10684694 91251655
56255940 92377587
86622097 87231227
11156936 26399136
19015154 7616867
2681293 87964685
69609779 56379106
35033282 68709274
99793309 21961591
9607803 40421482
95365768 49759646
81381635 87216418
12286974 22948751
83150667 53271231
52126418 9863251
60023241 35196512
93535031 8166723
13555920 12274184
77702405 7430667
76029931 87017832
74729602 65107170
91691662 60334656
43263174 87686600
60593389 54091813
43989437 7756645
65338801 19069208
6696977 56412776
48840623 32108563
7420042 35731616
82025602 77178008
51194779 90574635
75529735 58394480
22306822 91004380
27138369 84283208
72081621 27627705
10923778 35682291
69230299 54235948
49940546 79117642
32903481 23164123
58381955 23949460
85598884 93296290
32120971 85131274
88525554 39317988
91595934 58180226
18727535 81076890
67063374 19966326
43547948 30181473
16250234 14133347
11798248 83805449
59873684 40626473
80617646 74132008
97801063 89630546
4982370 62306787
2012966 18941153
38034669 79882198
22651517 18357360
64119697 52136260
74408448 25824085
5759173 81952503
11116553 46202366
67609669 67554842
42287632 74840987
27626859 69348916
13124884 9598825
25298812 51089673
64640012 85334338
53212437 96264333
68746225 34093010
21929827 8819841
35186383 94319705
60697863 71771724
55665870 35948110
46949479 69129071
40713221 82089667
32790455 23922363
60827350 88326981
36121910 39897982
36189425 43391312
8212286 59186054
16135651 27981849
80501310 94776192
81464750 80959972
40308809 37281309
7468327 79785016
92256180 12537911
4007338 76190357
36106094 54433179
89485289 13464193
97970261 19396172
754412 14826809
13872544 42191276
51950550 93326962
49709325 317243
63733614 78744841
84952293 23873893
217743 28748820
5206835 27802513
39267250 78232340
20016794 77823105
12508091 28069047
57737810 48434041
70389906 56003167
29587286 30545819
68644557 81983649
70256187 87474211
44259732 35375667
35687913 24091613
82963134 64007621
95936935 44526401
89672281 87807777
55627326 32905679
6424351 24536351
22605096 86668046
43807981 94806215
76052188 62421745
75644826 67293940
25356705 38633685
33909387 96075119
29115080 57744289
23400587 77149708
11093033 92629964
59518183 57069145
38982719 88686571
17210030 98448588
45313248 43497398
50226145 15656507
15886466 52501939
17871068 58682380
34401976 71969026
65303758 75868910
25519515 40249317
29833603 79846765
14542217 81580921
10136571 73450253
81339739 73557938
57247651 76302106
98381346 71731572
81032411 38461883
21998499 19204254
46748186 39808682
53322879 60287421
54843233 77840959
98211235 63827048
9550065 62420979
42651276 70707337
29182764 53311917
97636546 84412649
76903783 92274913
80146246 36141268
30893528 36582177
40260997 18185039
7657206 61211750
96273135 49150406
15860643 69455052
42315462 58100857
54950296 83479172
91354006 68825828
82314456 97094917
53985035 4563398
2217929 7147644
53867193 2853226
66868919 46676186
75789673 66059331
20048777 22861503
60090112 57677943
5485530 57005091
52295668 41433598
61248830 1014380
31893970 73096451
3339238 13239920
99147299 9817695
80044660 64980314
82595324 9016880
58447951 95916807
52838991 36902657
71566705 69503076
18410649 1666596
90866282 51995908
36684448 57377586
31092183 25283076
66051804 66494971
6533622 44999986
64710135 61181439
93817442 30694206
946532 70685285
94822383 57877277
87432067 71227943
26887383 97153205
7728924 81294305
41289126 54644823
21856199 2152642
26440729 97765093
76389807 92380209
93955428 18469763
9804188 73195896
26131711 10030426
75548312 61598884
8639251 93879837
77197133 90885225
60408735 29574497
51115247 67429688
92140297 42483411
26411321 18472892
84500652 57418561
46785764 88562455
27004414 14180209
20288510 14737386
91764754 29638650
24388507 83887970
25314251 22207848
45784590 50921873
28560058 13496994
46851632 195340
54599442 79316537
657886 27356113
36357780 54645803
78017062 79747491
40902505 98094262
72268844 82079234
35389419 98657642
79701958 63387859
14151208 27331054
94836661 82772961
