10
537
914
269
536
882
245
172
615
367
688
0 56 91 16 53 82 30 52 51 51
56 0 36 24 12 41 67 50 37 99
91 36 0 96 6 34 2 60 74 58
16 24 96 0 25 27 8 79 34 14
53 12 6 25 0 12 23 30 44 7
82 41 34 27 12 0 79 68 87 66
30 67 2 8 23 79 0 39 32 14
52 50 60 79 30 68 39 0 57 38
51 37 74 34 44 87 32 57 0 1
51 99 58 14 7 66 14 38 1 0
