10
20 17
2 0 0 0 0 0 1 2 0 0 2 2 2 2 2 2 0 0 2 2 
8 20
20 1
1 4
4 17
17 2
2 14
14 19
19 5
5 7
7 16
16 6
6 13
13 10
10 12
5 15
15 11
11 3
3 9
9 18
20 16
0 2 2 0 1 0 2 0 2 2 0 2 2 2 2 0 0 2 0 2 
8 6
6 16
16 4
4 5
5 13
13 7
7 11
11 15
15 3
3 19
19 2
2 14
19 1
1 17
17 18
18 12
12 20
20 10
10 9
20 10
0 0 0 2 2 0 2 2 0 0 2 2 2 2 0 1 0 2 2 2 
5 12
12 3
3 11
11 2
2 7
7 16
2 8
8 6
6 18
18 20
20 4
4 9
9 1
1 10
10 19
19 13
13 15
15 14
14 17
20 4
0 2 0 0 0 0 0 2 2 1 0 2 2 2 0 2 0 0 1 2 
20 5
5 2
2 1
1 8
8 18
18 11
11 4
4 16
16 9
9 6
6 14
14 13
13 7
7 3
3 19
19 12
12 10
10 15
15 17
20 4
2 2 0 1 0 0 0 2 2 2 2 1 0 0 0 0 2 2 2 2 
7 11
11 3
3 2
2 12
12 13
13 8
8 14
14 6
6 9
12 10
10 15
15 4
4 5
5 1
1 20
20 18
18 19
19 17
17 16
20 10
0 2 2 0 0 0 0 0 0 1 0 0 2 0 0 0 2 0 0 0 
7 3
3 6
6 8
8 17
17 10
10 18
18 20
20 5
5 1
1 14
14 15
15 13
13 12
12 16
16 11
11 2
2 19
19 9
9 4
20 9
0 0 0 2 2 2 0 2 0 0 0 1 2 0 0 0 1 1 0 0 
7 10
10 17
17 16
16 19
19 5
5 11
16 4
4 1
1 8
8 13
13 6
6 2
2 12
12 14
14 3
3 20
20 9
9 18
18 15
20 17
1 2 0 2 1 0 2 0 0 2 2 0 1 2 2 0 2 0 0 2 
11 15
15 13
13 18
18 1
1 10
10 8
8 17
17 5
5 19
19 14
14 6
6 3
3 2
2 12
12 7
7 16
16 20
20 9
9 4
20 18
2 0 0 2 0 0 2 0 1 2 0 0 2 0 0 0 2 2 0 0 
4 1
1 3
3 14
14 11
11 20
20 10
10 15
15 2
2 17
17 8
8 6
6 19
19 13
13 12
12 16
16 7
7 18
18 9
9 5
20 8
2 2 0 2 2 0 2 0 2 2 2 1 2 2 0 0 0 0 2 2 
12 2
2 17
17 1
1 3
17 16
17 20
20 11
11 9
9 10
10 7
7 19
19 4
9 14
14 15
15 13
13 8
8 6
6 18
18 5
