9
15
9
24
27
58
25
13
35
13
12
18
12
13
11
23
8
17
50
10
21
9
35
11
10
7
28
16
613
18
12
25
30
26
605
11
15
12
31
18
13
8
8
16
23
33
18
10
15
15
9
15
12
14
37
11
16
11
23
39
9
141
11
21
10
9
38
11
11
39
14
8
32
31
66
25
12
10
14
14
19
10
18
9
22
26
17
8
8
40
8
19
9
15
12
8
10
15
16
23
33
12
22
8
20
22
40
27
43
14
22
9
27
14
10
40
9
10
11
30
17
42
17
24
15
15
8
12
18
26
9
12
14
32
90
9
32
8
21
25
23
12
11
9
18
9
41
14
14
18
25
11
27
31
40
16
17
8
10
43
32
21
14
31
41
9
9
20
12
32
8
24
26
9
9
10
17
16
13
12
10
125
14
59
18
14
9
13
22
10
8
28
14
17
13
48
598
37
19
57
