10
20 16
0 2 2 0 0 1 2 0 2 1 2 0 2 2 0 2 2 0 0 0 
15 10
10 17
17 9
9 7
7 1
1 13
13 3
3 11
11 14
14 2
17 6
6 12
12 19
19 4
4 20
20 8
8 5
5 16
16 18
20 16
2 2 2 2 0 2 0 2 0 2 2 2 0 2 2 2 0 2 0 2 
2 7
7 11
11 19
19 12
12 4
4 10
12 8
8 3
3 14
14 17
17 6
6 16
16 9
9 15
6 13
13 5
5 20
20 18
18 1
20 5
0 0 2 0 0 0 2 0 2 2 0 0 0 1 0 2 2 2 2 2 
11 13
13 8
13 14
14 4
4 20
20 17
17 15
15 5
5 2
2 1
1 3
3 7
7 16
16 6
6 10
20 18
2 12
20 9
9 19
20 15
0 0 0 2 0 2 1 2 0 2 0 2 2 0 0 0 1 2 0 0 
10 7
7 9
9 12
12 3
3 15
15 14
14 16
16 8
9 5
5 18
18 19
19 13
13 4
9 20
20 2
7 11
11 1
1 6
6 17
20 3
2 0 2 0 2 0 2 0 2 2 0 2 2 0 0 2 0 0 1 0 
15 3
3 14
14 7
7 10
10 6
6 12
12 2
2 8
8 19
12 9
9 17
17 18
18 11
11 1
1 5
5 20
20 16
16 4
15 13
20 18
2 0 2 0 2 2 2 1 2 0 1 1 2 0 2 0 1 2 0 0 
7 20
20 1
1 12
12 11
11 5
5 16
16 17
17 15
1 6
6 19
19 10
10 8
8 3
3 9
9 4
4 13
13 14
14 2
2 18
20 18
0 0 2 0 2 2 2 2 0 2 2 0 0 0 0 2 2 0 2 0 
6 4
4 20
20 10
10 16
16 14
14 11
11 5
5 13
13 17
17 3
3 15
15 8
8 1
1 2
2 9
9 18
18 19
19 7
7 12
20 15
0 2 2 2 2 0 2 1 0 2 2 2 0 0 0 2 2 0 2 2 
13 19
13 17
17 1
1 10
10 18
18 8
8 15
15 6
13 14
14 9
9 4
4 2
2 7
7 12
12 5
5 16
16 20
20 11
11 3
20 6
0 2 2 1 2 2 0 2 0 0 2 0 2 2 2 0 2 0 2 2 
6 16
16 14
14 8
8 19
19 3
3 1
1 4
4 20
20 11
11 10
10 13
20 17
17 9
9 15
15 18
18 2
2 12
12 5
5 7
20 10
2 0 0 2 0 2 2 0 0 2 2 0 2 0 2 1 0 0 2 2 
3 18
18 10
10 5
5 20
20 11
11 15
15 16
16 17
17 14
14 1
5 9
9 13
13 19
19 7
7 8
8 2
2 6
6 4
4 12
