10
20 8
2 2 2 1 1 0 2 0 0 2 2 2 1 2 1 1 2 2 0 2 
15 9
9 17
17 11
11 5
5 10
10 4
4 16
16 18
18 19
19 6
6 7
7 1
1 12
12 20
20 13
13 8
8 14
14 2
2 3
20 18
0 2 2 2 2 0 2 2 2 0 2 2 2 0 0 2 0 2 0 0 
1 12
12 13
13 2
2 8
8 19
19 3
3 6
6 4
4 16
16 17
17 15
15 7
4 9
9 11
11 10
10 5
5 20
20 18
18 14
20 8
1 0 2 2 0 0 1 2 1 2 0 2 0 0 2 1 2 1 0 0 
7 14
14 4
4 10
10 11
11 9
9 13
13 6
6 15
15 3
3 20
20 2
2 5
5 12
12 16
16 18
18 19
19 17
17 1
1 8
20 16
0 2 1 0 0 0 0 0 0 2 0 0 1 2 2 2 2 2 2 0 
11 3
3 14
14 6
6 16
16 2
3 17
16 20
20 7
7 5
5 15
15 4
4 8
8 12
12 13
13 9
9 19
15 18
18 10
4 1
20 17
2 2 2 2 1 2 0 2 2 2 2 2 0 2 2 2 0 0 2 2 
14 4
4 1
1 18
18 3
3 6
6 7
7 12
12 2
2 15
15 11
11 13
13 19
19 10
10 9
9 17
17 16
16 5
5 8
8 20
20 18
2 0 2 0 0 2 2 2 2 0 2 0 2 0 0 0 1 0 2 2 
10 19
19 9
9 15
15 16
9 3
3 2
2 12
12 11
11 1
1 13
13 18
18 4
4 7
7 8
8 5
5 14
14 6
6 20
20 17
20 4
2 2 0 0 0 0 2 1 0 0 0 0 0 2 0 2 1 0 2 1 
16 4
4 10
10 13
13 9
9 17
17 5
5 7
7 2
2 8
16 18
18 12
12 1
1 20
20 14
14 3
3 19
19 11
11 15
15 6
20 13
0 0 0 0 0 0 0 2 0 2 1 0 2 2 2 0 0 0 2 0 
5 19
19 17
17 8
8 2
19 18
18 10
10 13
13 9
9 3
3 16
16 6
6 14
14 4
4 15
15 11
11 1
1 7
7 12
12 20
20 17
0 0 2 2 0 2 2 0 1 0 0 2 2 2 2 2 0 1 0 0 
16 9
9 3
3 6
6 19
19 5
5 17
17 7
7 14
14 11
7 2
2 20
20 12
19 18
18 15
15 10
10 4
4 13
13 8
8 1
20 2
2 0 0 2 2 2 0 2 2 2 2 0 0 0 0 0 1 0 0 0 
13 15
15 1
1 10
10 8
8 6
6 18
18 11
11 4
4 19
19 16
16 3
3 17
17 7
7 20
20 2
2 12
12 9
9 5
4 14
