24
19
73
27
16
34
31
17
42
23
23
40
11
14
10
12
10
13
13
68
12
42
186
10
25
8
28
9
8
72
38
13
12
10
10
12
10
16
11
12
17
8
24
30
11
33
19
24
12
12
30
13
11
9
63
9
12
14
11
56
8
10
14
9
62
16
31
23
42
9
13
29
27
13
26
46
98
33
21
20
19
34
12
12
8
10
23
9
19
27
15
17
8
25
15
40
8
23
7
13
8
8
16
209
89
19
32
12
13
8
10
17
16
10
18
8
13
28
18
23
13
9
19
14
28
23
10
11
37
45
38
12
11
30
12
335
33
50
22
12
11
14
9
16
30
30
11
31
23
37
24
68
15
19
9
38
27
118
28
112
33
32
43
42
29
50
30
20
37
16
14
16
28
8
14
16
10
10
10
12
10
18
24
45
24
13
13
42
24
15
86
44
14
18
10
14
15
8
8
9
