9
21
10
9
11
17
8
24
15
27
15
14
21
230
38
8
26
8
11
9
45
9
8
23
46
9
35
21
16
38
11
14
8
16
11
26
10
12
23
35
72
17
10
12
58
51
8
92
15
10
8
9
12
15
11
17
20
17
9
11
18
23
14
8
16
30
21
15
51
11
10
18
17
10
13
53
23
12
41
10
17
17
55
28
19
9
34
15
10
12
21
45
10
12
12
12
17
25
13
10
26
31
15
13
21
18
73
10
17
24
9
28
11
13
8
20
22
10
10
9
16
234
9
10
22
41
35
16
10
21
54
8
72
10
29
24
27
125
12
9
10
11
12
12
11
19
46
14
11
8
10
9
16
11
8
9
12
11
13
8
18
9
9
46
14
140
10
35
10
10
11
10
8
43
19
18
22
10
16
30
16
38
9
19
15
9
13
115
9
8
17
15
24
11
11
9
19
18
39
10
