9
18
32
19
21
35
11
16
26
254
36
28
75
10
14
11
230
604
20
15
74
11
11
9
96
39
14
19
21
24
12
11
55
21
45
28
9
12
32
20
206
22
15
8
13
15
12
10
10
10
21
11
12
122
162
13
12
11
11
12
9
31
15
8
129
23
23
11
23
24
36
28
24
14
8
14
7
14
36
26
27
26
11
123
18
21
46
13
602
9
13
11
16
12
63
55
10
47
22
29
10
793
22
46
22
8
42
9
35
9
8
17
83
35
8
22
10
29
28
19
11
12
25
10
20
174
13
9
13
16
88
9
18
15
12
14
26
15
12
26
8
18
12
8
22
8
14
113
12
17
19
10
16
10
34
14
34
22
9
16
16
17
290
11
10
20
13
9
13
9
29
44
14
10
21
37
35
9
12
9
13
40
17
39
12
10
21
16
33
19
27
10
16
28
121
18
10
8
16
73
