40
528
984
235
583
188
18
464
311
257
434
292
493
48
914
443
899
595
812
819
229
557
670
131
516
209
59
526
400
484
757
21
605
150
716
974
438
502
205
639
456
0 58 589 193 672 271 707 857 664 139 513 232 88 445 375 998 71 772 503 949 947 222 953 987 935 797 946 777 162 64 343 965 627 914 235 402 935 694 61 25
58 0 6 336 598 799 202 235 488 24 829 280 647 959 586 869 111 510 849 927 392 441 1 820 211 486 868 347 955 811 559 535 638 247 526 182 249 715 583 362
589 6 0 857 43 855 438 43 866 500 642 182 536 256 505 520 810 69 449 638 90 853 136 304 611 341 139 82 613 178 661 238 188 36 654 111 51 131 396 222
193 336 857 0 734 84 539 125 776 489 358 218 799 48 257 153 751 111 64 57 658 678 130 936 739 516 554 120 505 782 648 23 566 160 193 40 985 141 263 917
672 598 43 734 0 672 106 7 678 626 122 1000 27 698 262 407 559 252 308 926 668 660 574 148 554 544 871 474 862 208 259 104 392 257 780 82 929 811 299 787
271 799 855 84 672 0 207 608 82 506 999 810 161 472 483 797 375 679 43 760 272 823 411 178 761 988 104 499 377 296 857 395 132 464 339 434 186 785 755 782
707 202 438 539 106 207 0 449 120 791 420 817 35 27 961 888 727 106 311 255 954 948 828 366 95 85 784 692 682 750 557 891 973 836 89 871 793 109 440 645
857 235 43 125 7 608 449 0 132 482 84 959 435 11 649 185 464 323 926 899 116 596 599 199 678 41 824 575 419 757 511 343 364 865 296 818 945 254 100 683
664 488 866 776 678 82 120 132 0 357 384 834 3 243 189 343 755 118 36 462 159 482 431 367 383 685 87 521 476 552 328 689 353 704 564 352 299 564 197 755
139 24 500 489 626 506 791 482 357 0 438 325 231 73 54 894 834 48 526 564 462 340 904 949 149 496 995 414 101 531 169 977 357 717 601 438 732 833 60 936
513 829 642 358 122 999 420 84 384 438 0 189 879 819 622 391 507 68 520 375 646 384 394 36 437 880 121 467 937 700 245 796 749 573 210 863 878 913 724 884
232 280 182 218 1000 810 817 959 834 325 189 0 893 253 930 906 392 779 632 322 835 86 299 582 147 950 912 232 195 634 772 466 646 743 485 887 601 561 739 43
88 647 536 799 27 161 35 435 3 231 879 893 0 573 204 33 132 960 160 322 619 997 871 305 904 932 750 807 356 199 405 177 585 285 175 439 8 542 310 815
445 959 256 48 698 472 27 11 243 73 819 253 573 0 248 534 771 690 580 689 180 825 65 602 230 805 154 291 231 36 314 735 272 338 369 511 474 483 207 992
375 586 505 257 262 483 961 649 189 54 622 930 204 248 0 629 662 380 861 714 727 278 79 741 515 182 929 612 215 371 101 398 606 741 101 761 704 543 436 701
998 869 520 153 407 797 888 185 343 894 391 906 33 534 629 0 25 224 947 636 962 689 936 307 928 847 75 376 481 751 628 929 290 64 158 553 613 641 590 281
71 111 810 751 559 375 727 464 755 834 507 392 132 771 662 25 0 97 830 967 798 245 662 378 57 200 655 633 164 248 657 589 970 544 522 174 274 317 77 467
772 510 69 111 252 679 106 323 118 48 68 779 960 690 380 224 97 0 732 819 853 106 259 943 861 693 693 430 978 401 609 905 711 512 944 994 218 781 204 987
503 849 449 64 308 43 311 926 36 526 520 632 160 580 861 947 830 732 0 566 538 271 152 138 648 565 235 796 780 729 112 118 928 602 154 501 515 123 205 256
949 927 638 57 926 760 255 899 462 564 375 322 322 689 714 636 967 819 566 0 25 870 590 756 654 751 266 725 213 567 809 161 356 757 135 988 190 78 108 663
947 392 90 658 668 272 954 116 159 462 646 835 619 180 727 962 798 853 538 25 0 198 928 260 664 843 381 346 944 69 743 646 737 785 848 252 802 139 483 963
222 441 853 678 660 823 948 596 482 340 384 86 997 825 278 689 245 106 271 870 198 0 516 454 970 109 204 888 384 803 117 611 144 806 223 756 34 733 763 28
953 1 136 130 574 411 828 599 431 904 394 299 871 65 79 936 662 259 152 590 928 516 0 921 260 602 478 376 357 882 175 93 987 621 906 560 705 68 237 608
987 820 304 936 148 178 366 199 367 949 36 582 305 602 741 307 378 943 138 756 260 454 921 0 570 489 149 622 620 226 547 279 225 321 769 914 778 710 651 868
935 211 611 739 554 761 95 678 383 149 437 147 904 230 515 928 57 861 648 654 664 970 260 570 0 634 737 584 856 735 123 469 337 646 427 99 411 230 790 572
797 486 341 516 544 988 85 41 685 496 880 950 932 805 182 847 200 693 565 751 843 109 602 489 634 0 153 601 718 21 740 312 774 924 548 43 95 104 548 966
946 868 139 554 871 104 784 824 87 995 121 912 750 154 929 75 655 693 235 266 381 204 478 149 737 153 0 55 1 24 827 892 76 592 693 255 689 428 703 62
777 347 82 120 474 499 692 575 521 414 467 232 807 291 612 376 633 430 796 725 346 888 376 622 584 601 55 0 178 792 219 376 87 959 384 705 13 165 647 224
162 955 613 505 862 377 682 419 476 101 937 195 356 231 215 481 164 978 780 213 944 384 357 620 856 718 1 178 0 843 220 904 598 228 392 531 536 48 48 512
64 811 178 782 208 296 750 757 552 531 700 634 199 36 371 751 248 401 729 567 69 803 882 226 735 21 24 792 843 0 249 377 855 770 359 536 401 585 786 354
343 559 661 648 259 857 557 511 328 169 245 772 405 314 101 628 657 609 112 809 743 117 175 547 123 740 827 219 220 249 0 629 996 562 638 191 221 337 219 601
965 535 238 23 104 395 891 343 689 977 796 466 177 735 398 929 589 905 118 161 646 611 93 279 469 312 892 376 904 377 629 0 124 464 333 944 716 321 375 782
627 638 188 566 392 132 973 364 353 357 749 646 585 272 606 290 970 711 928 356 737 144 987 225 337 774 76 87 598 855 996 124 0 751 536 629 934 435 500 988
914 247 36 160 257 464 836 865 704 717 573 743 285 338 741 64 544 512 602 757 785 806 621 321 646 924 592 959 228 770 562 464 751 0 53 736 860 357 487 562
235 526 654 193 780 339 89 296 564 601 210 485 175 369 101 158 522 944 154 135 848 223 906 769 427 548 693 384 392 359 638 333 536 53 0 562 220 460 38 435
402 182 111 40 82 434 871 818 352 438 863 887 439 511 761 553 174 994 501 988 252 756 560 914 99 43 255 705 531 536 191 944 629 736 562 0 493 539 529 500
935 249 51 985 929 186 793 945 299 732 878 601 8 474 704 613 274 218 515 190 802 34 705 778 411 95 689 13 536 401 221 716 934 860 220 493 0 283 514 331
694 715 131 141 811 785 109 254 564 833 913 561 542 483 543 641 317 781 123 78 139 733 68 710 230 104 428 165 48 585 337 321 435 357 460 539 283 0 269 590
61 583 396 263 299 755 440 100 197 60 724 739 310 207 436 590 77 204 205 108 483 763 237 651 790 548 703 647 48 786 219 375 500 487 38 529 514 269 0 869
25 362 222 917 787 782 645 683 755 936 884 43 815 992 701 281 467 987 256 663 963 28 608 868 572 966 62 224 512 354 601 782 988 562 435 500 331 590 869 0
