100
27
77
65
40
11
77
47
74
14
73
24
4
47
61
86
89
16
55
45
30
79
34
3
83
82
53
47
62
100
41
79
76
4
67
15
17
57
11
9
64
99
60
27
44
77
40
41
75
18
2
10
58
66
11
97
88
70
82
1
36
68
14
15
59
21
18
89
62
38
89
58
6
41
41
89
37
74
83
16
94
61
28
100
15
17
7
59
70
94
64
17
69
60
100
4
99
78
54
53
25
0 7789 6558 8222 5096 7772 5931 141 5695 536 6396 4389 6891 1848 4202 6072 5547 5374 1581 5519 628 2244 8166 1071 20 7996 2721 6692 4098 2870 534 8266 4928 7205 3128 9219 3444 2683 1588 2378 6256 405 9414 9975 6252 4741 7557 2509 3838 6932 7019 6175 39 2601 5605 1934 8743 7967 2581 4879 7440 8564 5712 5355 5287 5450 2757 7855 6049 6634 2696 5991 5460 1718 2602 1963 9631 7046 1266 826 9975 8100 798 911 2140 6603 6268 7254 4028 4922 2770 8458 5669 8614 4492 3357 6265 2107 4767 6997
7789 0 5431 9364 2950 4675 6702 2192 4525 5963 2029 7019 6412 8874 8572 1274 4661 2835 2979 6381 6227 206 5358 7883 2926 5176 6265 318 1534 1435 6483 7314 9341 5300 4231 9458 8917 3034 422 8559 8806 6176 2543 550 8115 8354 8879 9453 2256 4842 4450 5349 4064 6091 5703 2098 6551 5799 9236 1124 1190 3388 3154 7574 1022 5007 1809 5365 9961 1396 6308 9108 5534 5501 7857 5810 5195 2147 3457 8048 2046 2440 5834 5124 1266 3985 2121 1384 3728 8264 7896 7178 1523 2561 2927 8573 105 5739 4832 1634
6558 5431 0 1718 5825 2059 9671 9043 4722 6258 6906 691 4449 9275 6771 9335 1273 4357 219 4960 7083 3603 1578 4324 4890 8146 2896 5646 678 4832 5508 5974 6072 7462 8263 7299 6922 1182 3056 4729 2566 7861 7256 2208 6472 1973 3691 8746 1190 8355 8681 8885 9875 7963 2851 9177 4185 6928 1066 1220 297 9789 9801 4666 1701 2996 6195 7066 2671 529 1236 9553 2684 8981 4663 7631 6808 5239 2980 4283 8670 8168 6531 4750 2925 2770 6056 5720 6642 9254 4040 4695 1865 3053 1518 6990 6857 7757 2353 5800
8222 9364 1718 0 6643 3958 8069 8153 3725 2890 8250 8423 4049 7778 5036 5291 1573 5216 901 2056 695 9085 5523 4400 8673 8706 6545 4791 8983 6377 3611 1983 8271 1095 8226 1839 7555 4532 2609 3353 7270 835 4125 2012 7324 5772 5231 8734 8023 322 8407 3539 9264 9528 1333 5295 5987 1207 6821 9768 2237 1372 4495 6704 6222 3173 1721 1876 7519 745 7733 6663 9784 5388 6145 1928 8914 7194 3634 8723 4999 4563 1190 2006 8066 7686 9870 6966 6105 8026 8149 8885 874 8400 2378 9743 3307 5258 2517 4759
5096 2950 5825 6643 0 7459 9152 2390 7851 707 5048 6572 9316 3559 6936 441 3323 8246 9562 2669 289 1065 8157 8948 1565 8802 6420 4027 6274 8805 101 169 4825 5647 556 4090 6446 3076 3760 447 5340 4686 2823 2089 8190 5301 5757 1460 1186 8466 7033 3580 7208 2763 8564 9721 9606 1019 2776 9528 7450 7772 7940 7299 4885 7454 3804 7136 6297 1673 2462 155 745 5002 5823 8539 3813 2864 5528 7527 3288 2072 5092 2081 3132 2740 4099 6800 4074 635 5903 1194 9311 9676 5133 6669 2413 8401 4159 3216
7772 4675 2059 3958 7459 0 260 1787 779 6729 2782 2304 6388 9123 6942 1266 5208 6425 4491 3341 9960 1411 3577 7951 4723 3286 1352 4449 7825 1667 2746 8044 3636 1689 6083 3105 2998 326 3285 4445 5767 8535 1241 9650 170 7543 1456 6924 4566 8388 8330 3550 9657 7470 1798 6091 617 5731 2823 4233 2833 3011 1793 4866 9126 4535 4662 7631 5580 7444 2453 2547 7420 200 6858 8625 7068 5584 4831 7858 7171 6994 478 8206 6820 9460 5184 2911 8076 7128 9228 386 815 5162 2918 1754 6266 2453 5173 5247
5931 6702 9671 8069 9152 260 0 6332 9873 8975 3697 2542 1164 8201 2618 3606 2024 3528 2568 690 6939 385 3913 8353 4044 5719 4023 4262 9152 3790 6936 4739 4719 1594 6033 6147 4520 8815 9285 1783 2234 3570 3422 5221 6344 6910 8542 5720 2873 9317 4404 4015 5706 2478 2076 2190 736 5144 2293 3207 9797 8915 5960 6160 3595 8056 8168 9932 4656 5873 9685 8391 7759 1513 1044 5665 9564 3202 6291 3060 8413 8790 6285 2370 4405 6998 6316 4631 4448 6224 6912 1251 6056 2776 8326 9424 690 1453 2282 1873
141 2192 9043 8153 2390 1787 6332 0 4056 2335 6654 8617 8933 6346 8479 8004 4424 1096 8760 1863 7043 8619 4190 4774 3421 2283 8973 8042 8177 8908 5530 4642 3784 183 9599 9470 7099 2804 2058 5805 4895 8945 7312 7289 7284 5382 3735 9502 6063 9445 9453 2477 5397 8369 3504 766 6124 9762 6213 4422 4951 2728 8404 7412 9702 6012 7716 6788 4719 1265 2709 9268 8270 347 7569 8308 6812 9279 6095 1247 9940 2366 7139 2759 4962 4957 7281 9130 76 517 3874 7456 760 4606 3871 1541 1972 644 9302 619
5695 4525 4722 3725 7851 779 9873 4056 0 7125 624 7869 1603 3818 3154 8703 5722 5753 8116 8259 5829 114 4436 5205 9253 8139 84 806 6533 4271 5704 6867 9427 9081 4369 4778 2974 305 8096 6250 6229 7088 6124 7070 1225 9615 9032 5498 2494 5498 1132 9924 9881 3855 8963 7960 1963 3592 4577 8648 7054 7196 1186 7884 2116 3935 7999 289 690 1718 381 6517 2867 7193 7450 9042 5225 6003 8909 1471 7328 6555 9318 5255 2144 8827 3335 4241 2911 151 211 5776 8524 1282 6994 852 6534 8056 89 218
536 5963 6258 2890 707 6729 8975 2335 7125 0 530 9375 6119 6459 3630 7499 8653 7799 5608 1769 6152 3237 1698 3173 8933 3057 6163 3570 6374 5525 8934 3937 570 9183 8538 857 1567 9580 7043 8272 6189 4666 3583 3619 8574 4074 6278 7226 1119 8178 9997 8584 9297 9615 6087 6704 4798 5925 690 6952 2836 8186 9043 7013 5533 5617 5184 4038 1101 8845 3729 4185 7967 1875 8707 7788 8095 9155 1648 19 6339 7455 7315 5044 7331 6696 5654 3461 733 6182 3003 6992 2828 4916 4788 7484 9647 121 6747 9379
6396 2029 6906 8250 5048 2782 3697 6654 624 530 0 2690 7874 2909 525 8845 3717 9426 2952 8677 6934 3481 7288 2042 6709 5144 7695 6347 6537 5985 5634 76 7246 880 8598 4122 3530 4422 1072 9500 7808 1892 313 7044 7301 1856 5130 6625 9556 6714 1309 3985 1334 6233 1370 1703 5537 9554 7585 9898 9500 8080 1344 2649 2974 3293 973 6923 6359 8343 5209 4361 3759 7504 4515 8107 2987 5969 3084 8538 4304 3445 7390 9929 8627 4783 2116 2421 6132 6636 7549 5341 221 5682 2269 5145 7635 515 1400 6576
4389 7019 691 8423 6572 2304 2542 8617 7869 9375 2690 0 3139 9202 9285 1252 6766 2197 5299 9242 3091 2041 1873 1043 1168 3431 4428 7315 7772 6974 3022 5847 4030 9309 7529 5996 3185 5797 769 4522 4085 743 4894 4243 347 8637 5644 3018 5844 8057 9494 3174 1714 8967 8814 7090 641 6801 8501 6228 691 3698 3690 8439 7406 5672 7367 9544 4028 4543 4947 8109 2957 8154 3115 6172 5406 6699 1938 5525 8997 8322 2758 7582 78 9430 5591 8835 6801 7209 8620 9657 3378 8601 4830 4687 3438 9310 2338 4149
6891 6412 4449 4049 9316 6388 1164 8933 1603 6119 7874 3139 0 5280 2214 4673 4751 1343 6473 1175 3936 3727 7627 2060 5610 4472 8008 4501 6253 7373 8281 2212 4152 2433 6822 5636 1700 2055 3010 1909 7374 2983 9063 9223 3338 3164 2636 2729 4898 1461 1607 2333 9132 9392 5135 3533 2719 410 8880 1953 3106 6495 767 539 4637 4483 5785 5229 9009 3913 1184 3789 1590 8500 4187 5308 5150 2318 3049 5672 4036 8831 3931 6688 5667 1640 7612 746 8798 5009 7123 7360 6656 7854 7307 3887 1945 6036 4829 6846
1848 8874 9275 7778 3559 9123 8201 6346 3818 6459 2909 9202 5280 0 6854 864 1443 1672 935 3289 9220 3011 7340 1793 7088 5690 4642 6086 1118 9045 5350 7855 1264 9106 5503 2019 169 1959 7208 8502 3194 6079 1465 6128 5875 4133 8635 3691 1304 5751 6982 2305 3201 9208 5185 2485 246 4878 5873 2630 6029 998 9012 6610 4511 3890 1598 7432 9034 2226 5190 5186 3964 914 5591 9145 2737 5748 6296 5373 5956 746 1489 9127 3164 5677 2648 2538 6966 1166 5957 2433 1762 3105 5471 2087 8141 5295 1483 2028
4202 8572 6771 5036 6936 6942 2618 8479 3154 3630 525 9285 2214 6854 0 7014 4137 25 125 4489 2630 199 6388 1418 2726 231 410 9188 8416 9635 4638 841 9022 4521 8138 1149 5367 4938 9912 7445 2552 6122 1797 6566 2458 7366 4117 8166 3904 4975 933 5403 4803 1881 5050 3180 8007 6929 1114 1616 2840 6075 1307 7016 2049 5558 8653 7152 4819 274 1631 9578 9468 4595 2597 4452 3430 9055 7272 6095 9980 6358 245 3455 3218 1942 4955 8043 7583 5581 2072 2958 5945 3468 806 3159 2351 2778 3674 8014
6072 1274 9335 5291 441 1266 3606 8004 8703 7499 8845 1252 4673 864 7014 0 178 8985 5967 368 9068 9966 6285 5374 5591 2458 3712 5937 7184 2038 9385 3346 4447 4711 3013 5760 7749 4888 9002 1057 8283 8048 7178 8257 6445 4903 1716 2471 6487 2387 2173 9487 8291 3552 215 1079 9010 7178 2570 9857 7300 5999 1882 1056 9545 1769 3206 9240 430 4416 3401 9730 9528 3203 5796 470 3341 851 4002 8681 7962 4806 4055 5466 3365 6225 1642 4826 204 3418 6854 6089 3278 4448 7730 2130 8521 5556 6649 8262
5547 4661 1273 1573 3323 5208 2024 4424 5722 8653 3717 6766 4751 1443 4137 178 0 2480 5782 2059 2560 1627 6848 6163 6311 4841 6578 1309 97 7160 3103 6984 9688 9742 1935 7024 2544 7419 8096 7726 20 4056 770 7847 8120 1760 6551 8957 1790 9000 2135 8054 5749 6526 2562 9418 3960 9057 6953 3226 8197 5446 5942 8328 7471 4962 8774 957 6291 2960 3880 6321 3717 3944 3093 690 5933 8049 996 5731 9304 8519 6395 9205 2509 3177 1976 4022 5110 6502 9267 1480 9662 2243 2879 9020 7409 1650 9995 4756
5374 2835 4357 5216 8246 6425 3528 1096 5753 7799 9426 2197 1343 1672 25 8985 2480 0 2358 7954 1501 7283 4899 207 1128 1447 4074 7771 9746 858 7599 4100 7094 5296 2139 5335 971 3341 4495 9815 8452 7573 1084 9785 3291 4499 670 5357 3279 6454 6470 3534 2157 9608 2481 4626 5409 5327 9075 5638 8001 8961 4675 1436 4736 8728 6204 6506 1978 4415 9501 963 3508 1565 2612 4824 7950 6733 6062 9534 6243 9669 4837 3494 33 1911 528 3327 6751 216 109 3916 2666 7334 409 8688 438 1666 6490 5961
1581 2979 219 901 9562 4491 2568 8760 8116 5608 2952 5299 6473 935 125 5967 5782 2358 0 4902 2228 1287 4003 685 36 4619 9302 4514 5473 6228 411 4202 8966 8731 3370 608 9490 9178 4717 1737 3872 4556 114 6719 6830 3169 9212 3263 2515 4510 1450 14 986 6093 8753 1708 6837 5357 1088 7018 2816 898 5233 7177 4132 7183 2897 317 4331 5468 1914 4170 6698 9694 4060 4938 6031 3829 3347 5278 7480 356 2527 1989 2372 748 8895 545 6210 2691 2086 8328 3162 1263 1469 4940 702 3796 9308 119
5519 6381 4960 2056 2669 3341 690 1863 8259 1769 8677 9242 1175 3289 4489 368 2059 7954 4902 0 8299 2453 7723 7499 5639 7761 5042 869 3845 9555 625 4508 2014 7585 376 7054 5140 7027 9881 7372 2178 7449 7280 7397 7888 3792 2472 4838 3985 1829 3260 3667 7281 5522 9722 2508 9458 3698 8662 350 8584 7930 3422 5572 2981 3281 4751 1572 1497 9573 110 8252 2940 4152 6560 4561 2516 6971 3100 4551 6760 6989 5528 7219 8552 8172 7066 1081 3575 7506 7510 5615 2498 4246 3413 3532 1870 7116 4925 1756
628 6227 7083 695 289 9960 6939 7043 5829 6152 6934 3091 3936 9220 2630 9068 2560 1501 2228 8299 0 3560 2630 8724 2336 424 2363 5591 5721 8499 7180 7407 8026 184 5890 2008 2152 4981 1841 896 9734 8223 5730 5663 306 4924 4994 6630 9089 2978 4312 6737 3721 3839 5643 7838 4785 16 7231 3116 8139 9622 1975 9966 5338 196 2758 9472 5676 845 8589 5990 7542 5234 7628 4876 2468 6331 4826 45 4457 6609 805 4756 1912 355 5024 4563 4145 2719 4346 2003 4531 2219 648 5162 5296 9085 7964 3087
2244 206 3603 9085 1065 1411 385 8619 114 3237 3481 2041 3727 3011 199 9966 1627 7283 1287 2453 3560 0 4226 2586 714 11 4829 3811 1017 2155 8620 6924 918 5606 3708 7920 3578 1862 6503 6036 8475 1800 6082 6116 6757 6157 2884 1150 3251 3547 1194 6593 7260 2852 2837 1237 7752 1046 2141 3323 4586 5739 5541 4234 5452 3874 3343 7359 4270 4639 439 6539 8638 1834 7826 5570 7396 7874 7677 78 386 5675 1765 5563 50 8302 1771 7699 4309 6154 5944 401 8653 7869 9470 9394 4469 2769 5158 7872
8166 5358 1578 5523 8157 3577 3913 4190 4436 1698 7288 1873 7627 7340 6388 6285 6848 4899 4003 7723 2630 4226 0 1683 6125 4171 6859 3397 3268 8004 9382 1463 2385 8772 364 5925 8442 8038 1311 6597 9311 21 4147 4434 219 5667 4418 968 7964 8361 3973 9976 4384 3709 9267 6430 9847 8861 8668 2859 954 2562 8019 1464 9352 1940 8990 8208 6566 3099 8319 8227 8405 9187 6792 4534 8533 3347 8508 9004 4802 6161 6522 2751 3260 6404 3676 3412 4401 2885 197 455 4111 8990 1529 8977 6500 775 2993 1921
1071 7883 4324 4400 8948 7951 8353 4774 5205 3173 2042 1043 2060 1793 1418 5374 6163 207 685 7499 8724 2586 1683 0 6152 5534 1783 2071 1021 7971 2651 1139 8142 9684 4040 4024 1742 9478 7716 6870 4389 1195 1410 284 7042 5873 260 3323 9927 3058 3054 6539 2206 2284 4754 1404 3690 2208 2419 492 1144 5601 6247 8799 5624 5885 895 5754 8081 6909 8484 3935 6707 8168 1686 4178 5763 857 2772 3263 8946 3743 279 9463 5081 2789 5818 8883 7337 6567 332 9474 1924 9941 3808 8435 5532 7443 4077 4248
20 2926 4890 8673 1565 4723 4044 3421 9253 8933 6709 1168 5610 7088 2726 5591 6311 1128 36 5639 2336 714 6125 6152 0 2667 4324 3057 7947 4858 400 4793 9701 6925 922 9482 9812 9448 5340 2791 5901 8030 7816 6795 2355 6293 9875 3149 5102 7075 6936 212 167 1611 6258 1844 1735 1894 9097 454 7915 6526 6325 8902 1021 2542 9790 9175 2042 3397 3916 6583 1952 82 3869 3483 3225 2740 7594 8450 2139 5376 5524 5995 8157 7573 9049 9313 7983 9918 9377 6857 4100 4429 7016 3931 5916 8949 2231 6890
7996 5176 8146 8706 8802 3286 5719 2283 8139 3057 5144 3431 4472 5690 231 2458 4841 1447 4619 7761 424 11 4171 5534 2667 0 7931 5030 5401 3979 888 7610 9517 9474 1272 4048 1381 6348 8045 2851 8501 6621 6567 7890 9546 401 8212 8433 6561 8982 2813 7186 8659 8180 4181 297 1788 3253 3171 9079 4588 4742 4169 6757 5671 4685 8667 1737 8441 128 6445 2385 1632 416 8514 5517 6316 9627 1890 5219 2290 5111 8391 2570 136 9481 74 298 4601 4069 6459 4821 9758 6030 1679 6315 7920 3070 7082 6720
2721 6265 2896 6545 6420 1352 4023 8973 84 6163 7695 4428 8008 4642 410 3712 6578 4074 9302 5042 2363 4829 6859 1783 4324 7931 0 4693 2948 2075 507 2191 8595 9895 3518 1980 7885 4632 5370 2895 8178 4166 6914 1669 8216 4942 1830 1501 8723 7401 9998 6513 3936 7799 8835 6991 3534 9888 1667 7475 3786 9681 9024 8213 95 4689 5763 4974 7290 8067 6001 9080 7293 9479 4544 7375 2801 3906 6873 1980 353 6902 2504 3821 6211 5676 9559 3811 2264 9738 3708 4660 2562 4300 9361 791 4475 4209 7366 7568
6692 318 5646 4791 4027 4449 4262 8042 806 3570 6347 7315 4501 6086 9188 5937 1309 7771 4514 869 5591 3811 3397 2071 3057 5030 4693 0 7054 4562 7264 6051 535 4439 9878 5290 1879 699 8036 2133 9618 9358 984 5254 7666 4934 8094 6086 3101 845 9468 7917 5210 7896 9004 2016 5006 4542 6896 8594 3599 6496 9560 3636 5376 9870 3748 3743 9072 8705 8234 9914 3412 7361 7848 8084 5582 3767 6327 4614 724 4470 3015 4296 5053 9488 6542 2120 7468 1643 3774 6864 2195 1876 9817 9964 8251 9152 561 8341
4098 1534 678 8983 6274 7825 9152 8177 6533 6374 6537 7772 6253 1118 8416 7184 97 9746 5473 3845 5721 1017 3268 1021 7947 5401 2948 7054 0 5724 8272 4923 5071 3283 8146 9985 5019 4225 3379 227 507 291 8769 2909 5261 9342 5968 2753 2907 4419 4468 251 8241 2190 7145 7582 2525 5954 6880 8858 8857 5447 388 700 3552 7803 6181 751 7225 3092 8905 1326 4456 10 2723 473 9733 9971 4623 6062 5881 9795 5129 7263 7100 8978 2924 8404 3069 2016 4919 7051 1253 5340 8702 7870 7864 6708 4845 7093
2870 1435 4832 6377 8805 1667 3790 8908 4271 5525 5985 6974 7373 9045 9635 2038 7160 858 6228 9555 8499 2155 8004 7971 4858 3979 2075 4562 5724 0 6019 346 7694 2289 4728 4079 6047 1803 781 5726 9218 1933 8031 668 1436 267 7898 9180 2284 1014 1213 7442 553 6561 3432 6125 7266 9563 3483 1649 7321 2353 1288 2743 7850 8880 9279 4651 5422 5340 6874 6353 4295 2573 7159 7221 6811 4262 5500 1135 106 6116 5917 6287 8759 1645 2035 3000 5352 5804 3528 5184 4126 3245 6392 3068 6868 2316 6105 9556
534 6483 5508 3611 101 2746 6936 5530 5704 8934 5634 3022 8281 5350 4638 9385 3103 7599 411 625 7180 8620 9382 2651 400 888 507 7264 8272 6019 0 3058 629 800 4272 1512 7141 6037 4870 1846 173 3071 8428 5749 5591 7930 7834 9260 2750 6336 7837 3375 1596 3175 6794 5349 5548 9066 9550 6480 2813 4787 3832 6586 9 4909 6876 5020 3032 3101 229 7501 8284 5457 3238 2303 8649 2761 5265 4461 1835 1766 2657 79 1320 3196 4136 7839 8564 6787 719 1359 6795 4338 4916 2431 1112 5489 5275 7818
8266 7314 5974 1983 169 8044 4739 4642 6867 3937 76 5847 2212 7855 841 3346 6984 4100 4202 4508 7407 6924 1463 1139 4793 7610 2191 6051 4923 346 3058 0 2043 5959 1225 8408 9502 4822 6305 5633 9645 6319 7505 7444 2515 995 2751 3784 6100 5873 6456 4819 5116 5187 7320 340 8959 470 1140 739 1663 653 4032 3582 1295 1304 4256 2732 6707 5927 9367 8394 6270 5479 3073 7115 3768 2059 8174 1538 5995 6625 935 6896 8504 1404 2290 5383 4653 1020 9917 8158 8831 2584 8846 4759 82 2731 3409 8014
4928 9341 6072 8271 4825 3636 4719 3784 9427 570 7246 4030 4152 1264 9022 4447 9688 7094 8966 2014 8026 918 2385 8142 9701 9517 8595 535 5071 7694 629 2043 0 6055 8113 2420 8153 7080 5251 6072 72 8334 9188 2981 247 8538 7225 1696 4266 4533 2818 897 8257 626 7728 9048 8027 1142 9913 7242 3869 730 9441 6789 5119 3116 4091 864 4836 41 8728 8190 156 8865 404 4024 8818 53 7186 5310 5566 5816 1880 979 3363 8849 3285 5322 7517 1792 9459 4723 4037 3282 5544 863 5504 1511 7236 3060
7205 5300 7462 1095 5647 1689 1594 183 9081 9183 880 9309 2433 9106 4521 4711 9742 5296 8731 7585 184 5606 8772 9684 6925 9474 9895 4439 3283 2289 800 5959 6055 0 436 5677 7205 3252 1041 1962 7688 3837 1388 9265 8270 2067 3917 2060 4179 7090 9783 7423 7503 446 2234 2941 1388 9050 3183 9087 7770 2607 3718 5733 606 2457 591 8312 4374 3825 2050 675 5117 9797 7907 4946 4056 4627 5988 4569 8740 7468 7261 919 5433 4282 5831 1062 1193 4622 8007 1442 9354 1566 9067 7010 8499 5979 1341 2940
3128 4231 8263 8226 556 6083 6033 9599 4369 8538 8598 7529 6822 5503 8138 3013 1935 2139 3370 376 5890 3708 364 4040 922 1272 3518 9878 8146 4728 4272 1225 8113 436 0 4994 9736 9778 3724 5299 9768 4571 7905 4899 5945 3447 2380 7139 7611 7358 2058 9290 7247 2017 4766 5141 1455 3298 7441 8409 5687 2597 9674 273 4914 742 2818 9502 9661 5865 2698 2400 6257 6157 8589 9581 8685 4270 4899 254 8385 1471 6140 3246 7413 9973 8018 8073 5552 7264 7948 3931 1685 1030 7092 9573 3678 8986 1922 8009
9219 9458 7299 1839 4090 3105 6147 9470 4778 857 4122 5996 5636 2019 1149 5760 7024 5335 608 7054 2008 7920 5925 4024 9482 4048 1980 5290 9985 4079 1512 8408 2420 5677 4994 0 1012 6820 9036 6744 2585 6999 5258 6463 6366 6987 7947 9858 9023 4342 1341 5890 6704 3226 1207 6519 7181 2383 67 7665 9499 6026 251 6416 9176 332 5717 4408 8256 6138 1802 6592 7627 8880 4288 2804 2971 3287 167 6647 7244 9462 9983 2631 1014 1797 9075 5295 6798 604 5420 4191 4586 433 6611 6454 5097 5963 1230 7196
3444 8917 6922 7555 6446 2998 4520 7099 2974 1567 3530 3185 1700 169 5367 7749 2544 971 9490 5140 2152 3578 8442 1742 9812 1381 7885 1879 5019 6047 7141 9502 8153 7205 9736 1012 0 9979 7884 277 2185 7368 5947 9126 7666 4789 9494 5576 2921 9774 7889 3190 267 2522 7036 8961 3371 5431 5645 1394 2520 3773 414 9131 1999 4978 4507 3027 1403 6205 3835 2669 9979 6556 8441 8132 3317 6449 180 7981 3206 9683 1414 7406 2412 1876 2932 8817 2669 8247 8676 5801 5487 8342 5556 154 7452 3302 9615 1725
2683 3034 1182 4532 3076 326 8815 2804 305 9580 4422 5797 2055 1959 4938 4888 7419 3341 9178 7027 4981 1862 8038 9478 9448 6348 4632 699 4225 1803 6037 4822 7080 3252 9778 6820 9979 0 2404 2929 9116 5370 2420 5247 8908 1544 6743 3907 3561 4231 793 4806 4941 2754 5550 5792 6143 2522 1162 3729 1405 5536 1565 1835 2232 1302 3200 3839 7159 1893 153 1878 1802 2674 7143 6280 1115 4975 3047 6431 4685 4534 3991 5581 4409 5195 9092 8418 8241 6238 9647 5244 4456 6000 2883 8100 9864 9455 874 4547
1588 422 3056 2609 3760 3285 9285 2058 8096 7043 1072 769 3010 7208 9912 9002 8096 4495 4717 9881 1841 6503 1311 7716 5340 8045 5370 8036 3379 781 4870 6305 5251 1041 3724 9036 7884 2404 0 3579 2207 9891 1030 6432 449 4107 6741 7425 2472 4906 9302 580 873 895 4985 2612 4518 625 5028 5140 537 5108 4329 540 8264 1744 7805 2169 8556 9983 8272 1681 3724 332 827 3232 9737 1651 8918 5585 5072 3800 8499 1949 953 4557 2759 791 6230 5619 2018 8059 1198 4444 8861 7114 4401 1684 9857 9737
2378 8559 4729 3353 447 4445 1783 5805 6250 8272 9500 4522 1909 8502 7445 1057 7726 9815 1737 7372 896 6036 6597 6870 2791 2851 2895 2133 227 5726 1846 5633 6072 1962 5299 6744 277 2929 3579 0 9029 711 9511 2778 2561 60 8655 267 9827 486 5814 2184 7854 5725 4205 3769 4404 2600 3762 8512 8423 8240 1712 451 4223 3245 9765 4306 4414 1886 1553 9796 2100 5702 8535 2304 1601 14 5172 5611 423 4677 8056 8314 2733 1981 6806 9330 4898 7664 2157 9653 1938 9851 3809 8000 8906 1278 6453 9319
6256 8806 2566 7270 5340 5767 2234 4895 6229 6189 7808 4085 7374 3194 2552 8283 20 8452 3872 2178 9734 8475 9311 4389 5901 8501 8178 9618 507 9218 173 9645 72 7688 9768 2585 2185 9116 2207 9029 0 8802 6240 6638 2475 5665 1654 4173 3893 7028 5535 1500 2483 9318 4798 3156 930 4013 266 1312 7786 3715 6725 2882 6692 1792 8377 8581 4837 4882 3734 341 6844 1802 3081 4698 7076 5563 6043 9088 5248 2041 1103 4363 8233 911 167 9127 916 7344 3693 1557 7282 7073 8636 2503 8713 4299 2986 2332
405 6176 7861 835 4686 8535 3570 8945 7088 4666 1892 743 2983 6079 6122 8048 4056 7573 4556 7449 8223 1800 21 1195 8030 6621 4166 9358 291 1933 3071 6319 8334 3837 4571 6999 7368 5370 9891 711 8802 0 1728 3870 3207 2312 5474 9217 1765 1862 1962 8670 3929 1498 6434 4531 636 3304 8413 4080 419 4689 9991 7284 3580 2828 2847 9686 1979 327 9404 7379 1511 2579 3225 2493 8156 1257 8442 8972 8668 7553 5190 4587 2314 9560 5340 1273 4486 4627 1897 4419 3373 1453 3462 8791 4277 1786 5887 847
9414 2543 7256 4125 2823 1241 3422 7312 6124 3583 313 4894 9063 1465 1797 7178 770 1084 114 7280 5730 6082 4147 1410 7816 6567 6914 984 8769 8031 8428 7505 9188 1388 7905 5258 5947 2420 1030 9511 6240 1728 0 8380 5049 3052 9886 4599 9444 1023 2231 6408 1664 7566 2459 4012 1116 3094 1686 5122 9386 3005 613 9804 438 9317 5667 6300 9365 7551 5700 6277 5416 1844 8122 4580 4904 8147 2428 4914 2618 5401 8744 4782 9032 8558 7580 1507 1631 8406 7058 3601 7988 5656 2458 9579 7575 943 6127 9720
9975 550 2208 2012 2089 9650 5221 7289 7070 3619 7044 4243 9223 6128 6566 8257 7847 9785 6719 7397 5663 6116 4434 284 6795 7890 1669 5254 2909 668 5749 7444 2981 9265 4899 6463 9126 5247 6432 2778 6638 3870 8380 0 7676 5588 3020 9708 5970 9489 2336 3879 8710 6106 2871 6636 6087 5233 4889 4791 795 4960 8480 6076 829 382 6857 1330 2579 4929 3874 389 2396 8207 1113 7414 889 4993 5397 1955 5117 8588 4055 9113 7688 8499 3963 106 6926 9701 2076 2500 4827 567 8232 3284 3741 2430 7460 7429
6252 8115 6472 7324 8190 170 6344 7284 1225 8574 7301 347 3338 5875 2458 6445 8120 3291 6830 7888 306 6757 219 7042 2355 9546 8216 7666 5261 1436 5591 2515 247 8270 5945 6366 7666 8908 449 2561 2475 3207 5049 7676 0 3066 286 809 1447 9563 7566 1150 377 2145 3345 5392 4587 6495 5197 1660 6210 9607 1870 3568 1922 7991 2943 7314 538 7625 4907 715 4679 6239 2516 6889 6238 9456 4327 1421 8141 5894 3259 3435 6825 4978 6916 1818 9866 6187 1170 5897 5712 871 2022 7024 5352 2274 2536 1209
4741 8354 1973 5772 5301 7543 6910 5382 9615 4074 1856 8637 3164 4133 7366 4903 1760 4499 3169 3792 4924 6157 5667 5873 6293 401 4942 4934 9342 267 7930 995 8538 2067 3447 6987 4789 1544 4107 60 5665 2312 3052 5588 3066 0 6677 5518 7689 2445 857 6730 4109 4213 1818 5599 4559 633 4818 1144 2258 9269 3833 3630 4006 6558 7510 8260 7243 7889 3261 1877 3409 3125 5983 7041 267 93 8326 1227 688 3516 2344 4868 5854 2239 5528 5406 1404 3385 8824 2905 4863 9345 8902 3015 5059 2126 7926 3783
7557 8879 3691 5231 5757 1456 8542 3735 9032 6278 5130 5644 2636 8635 4117 1716 6551 670 9212 2472 4994 2884 4418 260 9875 8212 1830 8094 5968 7898 7834 2751 7225 3917 2380 7947 9494 6743 6741 8655 1654 5474 9886 3020 286 6677 0 5820 7872 9559 8626 4425 7305 164 9899 1665 3863 2499 351 7312 8586 4366 9563 6168 9818 83 1396 8131 1470 365 306 3496 2884 1990 4613 7772 6245 7634 9938 2274 385 2907 8351 8139 9032 343 6988 1581 9468 6802 9282 2255 3027 909 4008 1923 6770 3691 5841 1021
2509 9453 8746 8734 1460 6924 5720 9502 5498 7226 6625 3018 2729 3691 8166 2471 8957 5357 3263 4838 6630 1150 968 3323 3149 8433 1501 6086 2753 9180 9260 3784 1696 2060 7139 9858 5576 3907 7425 267 4173 9217 4599 9708 809 5518 5820 0 1394 8410 7000 5181 3294 5881 1179 9175 5311 8861 3199 6315 817 5733 1731 3115 9590 8317 2863 1140 9082 2295 1055 9578 1302 8734 8247 6119 7913 7005 8191 2356 6491 1531 7273 8216 6342 1448 2364 8379 2431 9065 9043 3175 6056 5926 1095 2813 9752 6550 9049 663
3838 2256 1190 8023 1186 4566 2873 6063 2494 1119 9556 5844 4898 1304 3904 6487 1790 3279 2515 3985 9089 3251 7964 9927 5102 6561 8723 3101 2907 2284 2750 6100 4266 4179 7611 9023 2921 3561 2472 9827 3893 1765 9444 5970 1447 7689 7872 1394 0 5155 6827 6059 9898 9708 7056 316 2525 4734 7822 1944 9471 1250 2352 3372 817 6808 985 2034 606 6371 9624 5870 5695 4150 4530 3077 6780 9866 4925 2627 1085 2992 6008 9442 831 8633 4468 675 3666 8867 2943 6128 4833 2322 1338 1359 3329 3705 2286 6072
6932 4842 8355 322 8466 8388 9317 9445 5498 8178 6714 8057 1461 5751 4975 2387 9000 6454 4510 1829 2978 3547 8361 3058 7075 8982 7401 845 4419 1014 6336 5873 4533 7090 7358 4342 9774 4231 4906 486 7028 1862 1023 9489 9563 2445 9559 8410 5155 0 3885 1104 2110 4639 2013 398 7813 9349 398 6735 4242 3772 3915 7422 3771 7101 9315 5175 4731 5654 3051 3364 1837 6141 2644 4192 5410 9732 9938 8435 245 9778 5414 3571 5965 3950 499 7615 4889 1707 3335 2450 7935 469 3922 7767 7003 9606 3737 763
7019 4450 8681 8407 7033 8330 4404 9453 1132 9997 1309 9494 1607 6982 933 2173 2135 6470 1450 3260 4312 1194 3973 3054 6936 2813 9998 9468 4468 1213 7837 6456 2818 9783 2058 1341 7889 793 9302 5814 5535 1962 2231 2336 7566 857 8626 7000 6827 3885 0 4317 3439 6232 7467 7864 285 8064 1169 6400 3046 4093 3143 9 1910 1688 6084 198 3493 7192 7723 4446 7767 4337 6534 2191 7692 9242 7821 216 4145 4712 6915 3308 1267 8059 9203 5265 2147 8328 8673 2831 9732 8921 7161 8319 5056 6649 4709 6055
6175 5349 8885 3539 3580 3550 4015 2477 9924 8584 3985 3174 2333 2305 5403 9487 8054 3534 14 3667 6737 6593 9976 6539 212 7186 6513 7917 251 7442 3375 4819 897 7423 9290 5890 3190 4806 580 2184 1500 8670 6408 3879 1150 6730 4425 5181 6059 1104 4317 0 8046 5492 7516 138 3901 8477 618 6781 5492 8400 6639 2270 2374 2909 3421 737 1121 6351 2894 7115 7324 4292 4963 4936 4194 1032 5729 3990 6942 3192 2529 4977 4216 4617 9203 8201 7314 6381 6687 4760 9004 3692 7222 8940 5799 3670 1506 1007
39 4064 9875 9264 7208 9657 5706 5397 9881 9297 1334 1714 9132 3201 4803 8291 5749 2157 986 7281 3721 7260 4384 2206 167 8659 3936 5210 8241 553 1596 5116 8257 7503 7247 6704 267 4941 873 7854 2483 3929 1664 8710 377 4109 7305 3294 9898 2110 3439 8046 0 4436 2159 1022 3616 1504 1106 5641 860 2622 2661 8472 5350 6385 1999 2749 393 6967 9870 5001 9757 2397 7195 2974 4376 3381 5125 3075 3191 5854 7562 8436 1510 1135 3222 372 6506 735 6898 1657 7101 374 273 5479 5588 2163 5199 8639
2601 6091 7963 9528 2763 7470 2478 8369 3855 9615 6233 8967 9392 9208 1881 3552 6526 9608 6093 5522 3839 2852 3709 2284 1611 8180 7799 7896 2190 6561 3175 5187 626 446 2017 3226 2522 2754 895 5725 9318 1498 7566 6106 2145 4213 164 5881 9708 4639 6232 5492 4436 0 7828 6260 5046 484 9986 1743 6363 9005 3815 3286 1438 9694 5077 1863 9564 1630 1340 9519 6621 6274 4809 4396 7208 3948 1307 5435 250 2458 4202 5456 9425 288 5272 5915 242 6867 8252 4737 8681 9795 449 5209 2543 8146 1189 1925
5605 5703 2851 1333 8564 1798 2076 3504 8963 6087 1370 8814 5135 5185 5050 215 2562 2481 8753 9722 5643 2837 9267 4754 6258 4181 8835 9004 7145 3432 6794 7320 7728 2234 4766 1207 7036 5550 4985 4205 4798 6434 2459 2871 3345 1818 9899 1179 7056 2013 7467 7516 2159 7828 0 9579 6703 816 4342 6116 5929 4955 6021 3730 2837 2267 2593 8794 7160 3678 2483 9713 7350 238 2046 5703 9264 3203 6613 9999 514 4987 3358 5928 2212 8593 3953 1896 7491 4500 673 8317 8910 2783 2385 9997 7028 6757 5515 6061
1934 2098 9177 5295 9721 6091 2190 766 7960 6704 1703 7090 3533 2485 3180 1079 9418 4626 1708 2508 7838 1237 6430 1404 1844 297 6991 2016 7582 6125 5349 340 9048 2941 5141 6519 8961 5792 2612 3769 3156 4531 4012 6636 5392 5599 1665 9175 316 398 7864 138 1022 6260 9579 0 2471 5918 8551 5619 8107 1004 1236 4711 538 195 7429 312 8085 435 9988 6386 4924 2315 8112 329 1036 5096 7465 2599 6380 634 4734 2872 105 1289 1635 1310 7648 5722 2391 5791 7731 6621 4930 8905 9124 3936 7688 1484
8743 6551 4185 5987 9606 617 736 6124 1963 4798 5537 641 2719 246 8007 9010 3960 5409 6837 9458 4785 7752 9847 3690 1735 1788 3534 5006 2525 7266 5548 8959 8027 1388 1455 7181 3371 6143 4518 4404 930 636 1116 6087 4587 4559 3863 5311 2525 7813 285 3901 3616 5046 6703 2471 0 7875 4856 1106 176 8557 5155 7382 1371 992 7869 1046 8622 1769 3056 2219 454 9167 7638 1194 9367 4318 6884 2558 9479 4743 1127 3985 9187 6287 7238 1119 2706 1438 5215 156 1211 4606 8531 7245 3087 6688 8767 1368
7967 5799 6928 1207 1019 5731 5144 9762 3592 5925 9554 6801 410 4878 6929 7178 9057 5327 5357 3698 16 1046 8861 2208 1894 3253 9888 4542 5954 9563 9066 470 1142 9050 3298 2383 5431 2522 625 2600 4013 3304 3094 5233 6495 633 2499 8861 4734 9349 8064 8477 1504 484 816 5918 7875 0 4693 7898 5549 5781 3892 6398 2457 8948 6657 6142 3601 5360 7323 3053 9829 2894 955 9940 729 7953 6991 5281 5715 6172 1715 9771 4111 2062 8325 6210 923 5935 7557 5800 1339 2398 2797 7620 4483 8680 9641 2215
2581 9236 1066 6821 2776 2823 2293 6213 4577 690 7585 8501 8880 5873 1114 2570 6953 9075 1088 8662 7231 2141 8668 2419 9097 3171 1667 6896 6880 3483 9550 1140 9913 3183 7441 67 5645 1162 5028 3762 266 8413 1686 4889 5197 4818 351 3199 7822 398 1169 618 1106 9986 4342 8551 4856 4693 0 8194 5675 3701 1756 9706 2442 2614 192 5054 7040 1252 6820 3342 820 2644 3073 9133 8177 9093 2269 6396 6480 2939 8376 3481 8284 8618 9120 8124 302 7387 694 3199 3971 8964 9448 2173 6140 1288 7895 5965
4879 1124 1220 9768 9528 4233 3207 4422 8648 6952 9898 6228 1953 2630 1616 9857 3226 5638 7018 350 3116 3323 2859 492 454 9079 7475 8594 8858 1649 6480 739 7242 9087 8409 7665 1394 3729 5140 8512 1312 4080 5122 4791 1660 1144 7312 6315 1944 6735 6400 6781 5641 1743 6116 5619 1106 7898 8194 0 7440 1394 4060 5344 2872 4962 7645 4004 511 9456 16 4188 1151 3576 6266 5272 151 4202 5752 6375 5261 4036 3810 9548 1059 1396 9398 3617 2413 8557 9733 6948 9134 3288 5054 4381 3424 6777 1853 6716
7440 1190 297 2237 7450 2833 9797 4951 7054 2836 9500 691 3106 6029 2840 7300 8197 8001 2816 8584 8139 4586 954 1144 7915 4588 3786 3599 8857 7321 2813 1663 3869 7770 5687 9499 2520 1405 537 8423 7786 419 9386 795 6210 2258 8586 817 9471 4242 3046 5492 860 6363 5929 8107 176 5549 5675 7440 0 9289 957 3292 8348 2646 804 8940 2136 8747 5248 7148 2351 7118 4956 2301 7113 4297 3540 570 9537 4719 2687 3915 7061 7839 9968 691 8521 2564 2019 6056 8601 8393 5316 2615 4210 5116 5661 8480
8564 3388 9789 1372 7772 3011 8915 2728 7196 8186 8080 3698 6495 998 6075 5999 5446 8961 898 7930 9622 5739 2562 5601 6526 4742 9681 6496 5447 2353 4787 653 730 2607 2597 6026 3773 5536 5108 8240 3715 4689 3005 4960 9607 9269 4366 5733 1250 3772 4093 8400 2622 9005 4955 1004 8557 5781 3701 1394 9289 0 2895 1255 7106 8530 7244 7732 55 76 7908 4071 6897 9189 7473 5981 1848 3649 5962 5554 2859 8260 711 4089 7133 6840 7547 5319 8351 3932 4800 2799 8754 6208 3947 9648 2594 7057 1074 1050
5712 3154 9801 4495 7940 1793 5960 8404 1186 9043 1344 3690 767 9012 1307 1882 5942 4675 5233 3422 1975 5541 8019 6247 6325 4169 9024 9560 388 1288 3832 4032 9441 3718 9674 251 414 1565 4329 1712 6725 9991 613 8480 1870 3833 9563 1731 2352 3915 3143 6639 2661 3815 6021 1236 5155 3892 1756 4060 957 2895 0 3560 8060 1289 376 6471 2388 135 6297 4240 3027 1261 3417 2687 6411 829 9822 3787 8920 7026 7736 2043 8720 2973 2579 2303 5753 979 1630 1099 5570 2273 6604 9242 1927 3223 6861 6902
5355 7574 4666 6704 7299 4866 6160 7412 7884 7013 2649 8439 539 6610 7016 1056 8328 1436 7177 5572 9966 4234 1464 8799 8902 6757 8213 3636 700 2743 6586 3582 6789 5733 273 6416 9131 1835 540 451 2882 7284 9804 6076 3568 3630 6168 3115 3372 7422 9 2270 8472 3286 3730 4711 7382 6398 9706 5344 3292 1255 3560 0 3164 4015 6427 9341 3230 2205 1833 3238 9326 6226 9895 9602 2115 6332 4541 4760 5879 1388 6108 59 6486 5857 5621 5640 2795 5790 4205 5112 8341 2577 8297 2504 3732 5029 3379 1315
5287 1022 1701 6222 4885 9126 3595 9702 2116 5533 2974 7406 4637 4511 2049 9545 7471 4736 4132 2981 5338 5452 9352 5624 1021 5671 95 5376 3552 7850 9 1295 5119 606 4914 9176 1999 2232 8264 4223 6692 3580 438 829 1922 4006 9818 9590 817 3771 1910 2374 5350 1438 2837 538 1371 2457 2442 2872 8348 7106 8060 3164 0 4583 581 4398 7385 6536 9663 4922 7699 5403 5598 1829 1368 9687 5980 3041 2565 3813 2035 7757 2146 1714 9372 5688 337 1866 1559 6859 2711 7025 6236 2955 9551 2326 3602 9919
5450 5007 2996 3173 7454 4535 8056 6012 3935 5617 3293 5672 4483 3890 5558 1769 4962 8728 7183 3281 196 3874 1940 5885 2542 4685 4689 9870 7803 8880 4909 1304 3116 2457 742 332 4978 1302 1744 3245 1792 2828 9317 382 7991 6558 83 8317 6808 7101 1688 2909 6385 9694 2267 195 992 8948 2614 4962 2646 8530 1289 4015 4583 0 1850 174 4027 5758 8173 9412 8495 1251 122 9780 2089 4231 7092 59 902 5090 6066 436 9892 4176 3414 1514 9103 8856 4509 5856 3229 6140 7494 1154 993 9865 5149 6497
2757 1809 6195 1721 3804 4662 8168 7716 7999 5184 973 7367 5785 1598 8653 3206 8774 6204 2897 4751 2758 3343 8990 895 9790 8667 5763 3748 6181 9279 6876 4256 4091 591 2818 5717 4507 3200 7805 9765 8377 2847 5667 6857 2943 7510 1396 2863 985 9315 6084 3421 1999 5077 2593 7429 7869 6657 192 7645 804 7244 376 6427 581 1850 0 6425 259 6041 3611 2117 1952 5109 27 5342 4129 4847 9559 546 1213 2472 1282 2471 8236 5452 7976 2755 3361 7159 2718 1720 2909 4283 8296 3415 6956 5245 6444 4208
7855 5365 7066 1876 7136 7631 9932 6788 289 4038 6923 9544 5229 7432 7152 9240 957 6506 317 1572 9472 7359 8208 5754 9175 1737 4974 3743 751 4651 5020 2732 864 8312 9502 4408 3027 3839 2169 4306 8581 9686 6300 1330 7314 8260 8131 1140 2034 5175 198 737 2749 1863 8794 312 1046 6142 5054 4004 8940 7732 6471 9341 4398 174 6425 0 1981 7423 5995 5938 8827 7179 2957 2147 8188 3082 7286 4071 1827 6565 6130 4314 5182 266 6481 5238 2413 8415 5190 1513 6471 5320 3297 3835 9654 7041 5154 1772
6049 9961 2671 7519 6297 5580 4656 4719 690 1101 6359 4028 9009 9034 4819 430 6291 1978 4331 1497 5676 4270 6566 8081 2042 8441 7290 9072 7225 5422 3032 6707 4836 4374 9661 8256 1403 7159 8556 4414 4837 1979 9365 2579 538 7243 1470 9082 606 4731 3493 1121 393 9564 7160 8085 8622 3601 7040 511 2136 55 2388 3230 7385 4027 259 1981 0 8092 6659 5883 1071 2791 8955 6383 1950 8362 9537 9357 7110 6065 5997 2320 5922 2585 9314 9435 6550 5745 5326 8803 4214 5398 3684 306 5816 2231 2614 7196
6634 1396 529 745 1673 7444 5873 1265 1718 8845 8343 4543 3913 2226 274 4416 2960 4415 5468 9573 845 4639 3099 6909 3397 128 8067 8705 3092 5340 3101 5927 41 3825 5865 6138 6205 1893 9983 1886 4882 327 7551 4929 7625 7889 365 2295 6371 5654 7192 6351 6967 1630 3678 435 1769 5360 1252 9456 8747 76 135 2205 6536 5758 6041 7423 8092 0 8667 3982 3101 1329 5511 8726 5861 6709 6358 2885 779 1011 7796 7390 3816 5030 6128 9881 2417 3466 7213 2458 8624 9518 4223 5573 7007 9744 5400 5845
2696 6308 1236 7733 2462 2453 9685 2709 381 3729 5209 4947 1184 5190 1631 3401 3880 9501 1914 110 8589 439 8319 8484 3916 6445 6001 8234 8905 6874 229 9367 8728 2050 2698 1802 3835 153 8272 1553 3734 9404 5700 3874 4907 3261 306 1055 9624 3051 7723 2894 9870 1340 2483 9988 3056 7323 6820 16 5248 7908 6297 1833 9663 8173 3611 5995 6659 8667 0 3161 9780 5232 6666 8714 145 3358 3416 1304 6642 4681 5975 1906 1526 1340 33 2054 6938 5933 4706 4644 3286 9907 7628 8245 1416 3445 8482 6086
5991 9108 9553 6663 155 2547 8391 9268 6517 4185 4361 8109 3789 5186 9578 9730 6321 963 4170 8252 5990 6539 8227 3935 6583 2385 9080 9914 1326 6353 7501 8394 8190 675 2400 6592 2669 1878 1681 9796 341 7379 6277 389 715 1877 3496 9578 5870 3364 4446 7115 5001 9519 9713 6386 2219 3053 3342 4188 7148 4071 4240 3238 4922 9412 2117 5938 5883 3982 3161 0 8911 7316 4616 6166 3439 3477 3628 947 6497 5963 3466 5351 9103 9234 7612 7344 5682 4564 5701 9123 9599 5132 1328 9340 9465 1674 767 6216
5460 5534 2684 9784 745 7420 7759 8270 2867 7967 3759 2957 1590 3964 9468 9528 3717 3508 6698 2940 7542 8638 8405 6707 1952 1632 7293 3412 4456 4295 8284 6270 156 5117 6257 7627 9979 1802 3724 2100 6844 1511 5416 2396 4679 3409 2884 1302 5695 1837 7767 7324 9757 6621 7350 4924 454 9829 820 1151 2351 6897 3027 9326 7699 8495 1952 8827 1071 3101 9780 8911 0 7098 7246 202 1772 9061 2382 5572 7801 2951 1679 6077 3773 8260 2609 1274 2142 2362 3234 1567 1125 9681 3065 7461 7136 9911 5436 4847
1718 5501 8981 5388 5002 200 1513 347 7193 1875 7504 8154 8500 914 4595 3203 3944 1565 9694 4152 5234 1834 9187 8168 82 416 9479 7361 10 2573 5457 5479 8865 9797 6157 8880 6556 2674 332 5702 1802 2579 1844 8207 6239 3125 1990 8734 4150 6141 4337 4292 2397 6274 238 2315 9167 2894 2644 3576 7118 9189 1261 6226 5403 1251 5109 7179 2791 1329 5232 7316 7098 0 6282 9963 2244 1548 9266 7566 5391 5743 5631 8137 610 2907 5745 8502 5585 8155 4110 6237 5805 3223 5634 9780 1784 2409 1844 9594
2602 7857 4663 6145 5823 6858 1044 7569 7450 8707 4515 3115 4187 5591 2597 5796 3093 2612 4060 6560 7628 7826 6792 1686 3869 8514 4544 7848 2723 7159 3238 3073 404 7907 8589 4288 8441 7143 827 8535 3081 3225 8122 1113 2516 5983 4613 8247 4530 2644 6534 4963 7195 4809 2046 8112 7638 955 3073 6266 4956 7473 3417 9895 5598 122 27 2957 8955 5511 6666 4616 7246 6282 0 8480 4058 7747 7291 8019 2712 2262 4282 7890 5173 9893 2020 5608 6746 5572 4391 7196 4190 2027 6545 429 7105 2182 3594 777
1963 5810 7631 1928 8539 8625 5665 8308 9042 7788 8107 6172 5308 9145 4452 470 690 4824 4938 4561 4876 5570 4534 4178 3483 5517 7375 8084 473 7221 2303 7115 4024 4946 9581 2804 8132 6280 3232 2304 4698 2493 4580 7414 6889 7041 7772 6119 3077 4192 2191 4936 2974 4396 5703 329 1194 9940 9133 5272 2301 5981 2687 9602 1829 9780 5342 2147 6383 8726 8714 6166 202 9963 8480 0 3268 8989 6653 5594 2811 6674 5475 6508 7498 7100 2646 7205 2966 8531 934 9759 2772 5123 5180 314 3960 5767 2925 9246
9631 5195 6808 8914 3813 7068 9564 6812 5225 8095 2987 5406 5150 2737 3430 3341 5933 7950 6031 2516 2468 7396 8533 5763 3225 6316 2801 5582 9733 6811 8649 3768 8818 4056 8685 2971 3317 1115 9737 1601 7076 8156 4904 889 6238 267 6245 7913 6780 5410 7692 4194 4376 7208 9264 1036 9367 729 8177 151 7113 1848 6411 2115 1368 2089 4129 8188 1950 5861 145 3439 1772 2244 4058 3268 0 4880 2653 5057 4834 8643 1818 2669 6158 7134 6687 9464 3470 3470 8273 6477 5162 699 3376 3408 6126 3791 7332 9847
7046 2147 5239 7194 2864 5584 3202 9279 6003 9155 5969 6699 2318 5748 9055 851 8049 6733 3829 6971 6331 7874 3347 857 2740 9627 3906 3767 9971 4262 2761 2059 53 4627 4270 3287 6449 4975 1651 14 5563 1257 8147 4993 9456 93 7634 7005 9866 9732 9242 1032 3381 3948 3203 5096 4318 7953 9093 4202 4297 3649 829 6332 9687 4231 4847 3082 8362 6709 3358 3477 9061 1548 7747 8989 4880 0 7883 6152 420 1317 3038 6127 6243 9860 1004 6895 965 9730 2445 9892 6762 9843 3734 9531 5536 201 6207 1490
1266 3457 2980 3634 5528 4831 6291 6095 8909 1648 3084 1938 3049 6296 7272 4002 996 6062 3347 3100 4826 7677 8508 2772 7594 1890 6873 6327 4623 5500 5265 8174 7186 5988 4899 167 180 3047 8918 5172 6043 8442 2428 5397 4327 8326 9938 8191 4925 9938 7821 5729 5125 1307 6613 7465 6884 6991 2269 5752 3540 5962 9822 4541 5980 7092 9559 7286 9537 6358 3416 3628 2382 9266 7291 6653 2653 7883 0 7568 9560 75 5916 9819 2462 5138 8850 8679 9611 1819 9433 2945 2231 1602 5505 1568 3025 7857 729 3496
826 8048 4283 8723 7527 7858 3060 1247 1471 19 8538 5525 5672 5373 6095 8681 5731 9534 5278 4551 45 78 9004 3263 8450 5219 1980 4614 6062 1135 4461 1538 5310 4569 254 6647 7981 6431 5585 5611 9088 8972 4914 1955 1421 1227 2274 2356 2627 8435 216 3990 3075 5435 9999 2599 2558 5281 6396 6375 570 5554 3787 4760 3041 59 546 4071 9357 2885 1304 947 5572 7566 8019 5594 5057 6152 7568 0 6722 6536 9480 3390 7093 9676 5669 4682 8565 1741 9761 4837 7066 6824 6627 6091 888 2298 7534 4034
9975 2046 8670 4999 3288 7171 8413 9940 7328 6339 4304 8997 4036 5956 9980 7962 9304 6243 7480 6760 4457 386 4802 8946 2139 2290 353 724 5881 106 1835 5995 5566 8740 8385 7244 3206 4685 5072 423 5248 8668 2618 5117 8141 688 385 6491 1085 245 4145 6942 3191 250 514 6380 9479 5715 6480 5261 9537 2859 8920 5879 2565 902 1213 1827 7110 779 6642 6497 7801 5391 2712 2811 4834 420 9560 6722 0 3132 6633 5784 1068 8477 2476 4549 8933 1341 9908 9992 3226 5675 3628 9797 1968 4826 8849 3704
