250
63
8
82
29
46
37
5
46
97
13
62
93
52
68
97
89
47
70
28
27
30
98
42
48
69
5
58
26
67
18
24
61
6
74
97
1
53
48
85
4
42
72
49
77
70
68
71
75
11
63
87
27
24
16
57
87
31
92
33
38
53
28
16
2
39
23
75
12
70
4
73
73
100
97
28
71
69
79
48
54
47
19
89
69
19
25
42
38
100
52
4
34
78
94
54
4
73
61
91
35
54
32
12
96
57
6
98
7
30
36
21
19
87
8
89
53
13
87
88
82
29
64
38
27
45
35
40
20
88
28
69
56
85
95
54
71
20
86
87
23
87
50
16
39
97
28
64
49
75
54
99
72
27
90
74
18
94
42
72
39
58
58
10
46
2
72
86
73
29
47
80
2
58
47
66
22
64
95
84
61
71
100
34
24
58
13
46
23
12
54
75
98
82
46
92
10
49
37
57
21
27
58
31
2
33
35
31
5
33
28
34
25
48
63
22
3
30
88
68
87
40
81
60
81
5
30
83
50
11
53
79
73
40
3
32
11
49
15
14
52
34
92
9
23
91
59
74
2
33
97
0 749 795 819 268 561 111 1 910 636 847 447 450 321 115 784 366 606 544 773 947 285 812 878 837 842 257 346 943 359 630 839 891 703 355 212 349 199 266 310 327 859 475 254 218 501 435 104 761 24 704 307 232 183 804 701 76 445 455 181 905 446 483 478 170 863 280 870 340 820 843 245 257 11 886 37 18 270 386 571 309 829 936 433 787 978 649 997 473 235 607 930 922 285 59 711 830 187 540 774 145 119 791 813 787 205 124 816 246 550 664 727 580 892 622 144 656 77 761 198 169 847 625 889 588 38 907 247 886 841 198 24 728 725 222 74 647 673 51 818 298 132 672 688 932 655 993 819 457 600 391 552 294 581 49 261 204 597 934 857 254 8 426 736 480 469 606 61 572 891 236 445 746 572 457 613 127 235 265 803 211 561 227 154 572 358 39 157 536 402 216 415 94 109 478 675 380 170 102 320 645 33 414 815 36 658 583 144 666 684 508 492 487 642 270 269 684 696 847 189 398 123 293 988 315 223 646 716 876 453 60 588 73 551 99 193 754 90 803 904 384 599 651 23 459 57 927 975 627 947
749 0 33 136 338 564 900 748 782 835 943 902 696 271 379 690 202 823 970 227 210 256 679 314 105 370 312 566 242 731 740 618 749 285 756 191 685 339 534 295 855 941 199 543 122 463 760 298 768 496 381 895 881 663 683 337 170 71 808 786 798 28 128 499 725 540 674 967 827 299 350 718 567 615 167 915 22 99 148 107 47 807 33 213 938 679 562 377 261 580 493 582 710 853 725 473 914 375 178 677 130 546 263 421 813 406 229 761 998 514 926 74 692 270 481 597 192 149 676 970 631 874 582 503 129 987 137 122 471 942 987 782 544 900 898 57 848 859 566 729 48 399 610 762 33 77 939 301 815 73 152 776 133 401 796 757 950 765 164 36 384 8 979 581 417 736 42 117 910 98 602 675 737 790 230 14 440 920 346 942 226 233 424 859 252 218 12 179 700 560 324 242 586 934 953 762 198 929 568 831 258 828 835 880 606 402 749 866 771 903 236 187 184 423 363 161 379 221 232 57 968 731 73 844 977 62 402 766 538 294 584 842 839 653 234 637 850 770 400 914 374 908 421 7 480 878 306 121 990 933
795 33 0 549 964 778 190 195 353 430 155 507 187 240 798 446 929 573 209 614 174 155 765 109 665 927 28 823 143 640 343 186 894 948 36 206 309 705 393 908 732 212 978 285 189 310 345 648 501 555 798 208 316 148 914 521 950 300 572 146 671 946 355 704 549 232 145 422 476 88 405 838 876 369 334 726 806 504 698 236 289 612 927 752 114 72 278 652 961 761 725 602 85 392 875 834 390 354 490 504 1000 632 605 380 877 948 893 119 463 344 468 212 43 282 859 812 477 150 664 783 89 428 595 437 169 627 997 503 139 59 508 217 589 790 92 357 996 337 507 214 759 967 633 21 395 563 708 32 262 72 988 806 299 753 368 684 679 689 781 412 779 449 277 130 7 962 143 539 730 328 550 713 710 432 100 507 302 861 823 420 376 613 178 19 718 388 952 936 861 731 768 823 26 451 91 833 89 217 633 534 751 134 490 717 394 148 97 298 718 372 368 242 212 488 989 419 334 761 694 313 623 816 562 406 325 393 102 311 858 796 436 840 754 603 86 715 236 4 624 740 446 365 499 730 703 607 92 565 835 741
819 136 549 0 921 734 260 465 305 155 217 920 52 11 624 29 305 192 213 166 230 29 228 981 390 500 149 356 814 332 785 945 870 726 915 404 405 82 614 907 989 808 456 601 335 829 438 344 60 79 925 420 638 19 788 12 825 700 996 999 584 133 380 160 576 897 723 331 328 812 233 304 867 221 743 155 343 29 497 519 714 566 236 715 257 213 396 913 972 103 34 878 938 809 525 780 871 603 383 302 731 151 862 752 718 616 398 345 402 158 828 990 918 482 181 485 742 701 155 803 417 122 437 834 249 786 485 510 651 111 871 528 103 572 137 234 471 611 578 951 683 239 208 838 502 44 792 707 716 569 202 982 767 964 857 459 949 197 154 447 499 780 922 461 173 310 940 624 785 395 836 621 694 315 857 787 592 703 449 769 97 483 611 328 879 81 522 675 953 236 39 871 751 675 73 49 742 134 891 389 54 905 800 73 895 545 6 669 977 422 967 815 415 58 112 535 800 47 61 587 589 10 929 653 998 19 474 586 866 935 905 180 114 933 559 795 338 716 229 618 589 579 382 624 960 383 311 448 76 220
268 338 964 921 0 820 983 456 127 658 921 612 528 214 302 180 617 461 466 971 644 173 398 226 525 268 761 165 82 620 599 884 620 696 105 755 519 791 888 100 386 897 10 521 525 656 932 531 770 128 689 811 910 532 191 131 166 834 58 40 736 529 956 993 314 75 730 681 822 864 416 991 699 420 350 857 273 522 132 288 102 508 159 790 274 937 973 466 244 249 120 577 750 872 107 667 764 179 468 659 757 97 625 183 570 904 489 10 908 194 95 368 738 987 160 349 557 595 119 908 985 637 551 46 781 195 989 357 720 86 401 141 691 479 530 839 621 439 228 639 707 447 842 172 556 151 618 609 525 991 986 97 116 627 827 505 566 984 708 406 544 309 94 760 336 837 332 971 459 668 642 409 533 839 751 56 844 563 170 960 517 298 143 163 273 664 663 701 255 891 73 921 114 287 308 504 723 767 543 342 844 298 228 995 120 619 756 439 20 552 365 917 567 890 875 300 189 891 689 446 323 82 135 636 511 558 47 454 43 416 302 597 693 630 389 60 19 902 963 595 678 673 79 103 787 6 790 463 53 758
561 564 778 734 820 0 946 988 759 534 688 73 910 392 950 452 416 817 335 109 406 27 962 409 401 469 407 215 483 64 772 637 385 16 510 683 496 162 425 987 514 619 714 910 997 674 255 35 896 968 73 924 812 499 630 220 885 929 786 281 493 818 913 658 686 663 838 461 889 195 789 680 757 890 149 570 252 822 77 204 102 526 779 150 268 569 822 660 1000 51 114 941 281 947 648 497 302 688 939 227 955 594 748 34 540 626 227 144 668 943 99 857 237 65 521 272 248 84 868 878 827 720 158 399 757 243 414 115 564 864 822 299 521 884 657 767 198 46 450 344 451 639 925 139 68 275 827 439 994 199 177 774 923 113 466 299 413 876 215 685 914 133 543 501 7 297 2 583 439 964 699 863 233 423 108 613 692 81 943 689 51 129 633 713 26 497 925 708 175 747 843 82 466 213 80 749 658 185 24 37 869 463 235 436 803 227 637 805 948 758 532 952 71 621 589 489 805 395 419 783 221 314 692 830 359 861 671 989 53 355 850 780 765 126 685 842 738 540 993 529 383 270 953 261 725 660 393 846 254 882
111 900 190 260 983 946 0 667 328 14 841 763 956 988 264 121 249 754 138 838 87 944 684 164 765 391 304 523 635 561 95 825 452 962 209 405 265 390 314 757 913 554 637 407 404 324 984 674 910 158 550 775 631 984 564 100 628 222 851 653 481 449 142 173 244 9 38 574 399 234 348 194 127 192 942 899 465 655 29 322 230 324 760 332 426 239 904 877 542 929 439 613 136 499 123 264 487 536 554 930 232 560 565 364 617 232 995 294 589 308 42 368 581 91 33 44 450 80 299 509 481 962 651 258 949 970 176 928 168 307 387 318 60 673 235 776 618 89 643 337 762 773 668 576 41 460 333 624 455 111 586 64 573 723 706 339 873 94 112 910 545 465 44 360 135 653 555 822 972 606 942 427 807 510 726 513 854 779 52 28 569 619 654 580 562 85 788 948 235 586 509 464 726 316 554 540 171 437 235 75 121 396 57 414 808 106 568 793 987 939 346 98 561 579 621 924 225 108 796 191 490 237 298 345 578 669 320 642 314 994 696 104 209 222 486 200 709 87 227 774 762 295 983 600 271 582 737 719 512 16
1 748 195 465 456 988 667 0 210 187 372 968 36 831 982 361 446 528 849 122 512 709 458 308 544 266 263 770 127 329 743 225 887 855 769 910 896 197 357 704 602 227 372 814 719 300 324 238 558 996 244 547 250 55 21 934 65 394 692 316 592 283 770 698 422 420 13 868 87 524 619 434 18 42 48 486 781 210 703 615 223 540 900 549 893 985 942 390 252 185 442 370 824 405 100 226 699 953 926 303 280 170 778 202 451 265 852 727 476 468 244 325 938 375 734 747 868 200 349 89 223 751 306 194 984 153 903 961 885 459 265 528 581 746 186 331 228 507 863 853 531 725 966 441 948 568 939 244 933 564 161 335 329 748 583 867 302 677 453 485 295 610 965 202 803 473 772 838 528 600 114 782 542 497 683 499 622 868 34 392 698 608 298 599 833 118 156 996 93 478 409 13 680 851 38 861 289 777 945 269 829 268 132 132 932 313 981 986 54 392 749 613 60 878 709 289 435 934 555 493 26 763 372 238 925 598 539 181 197 945 547 336 597 877 481 16 730 138 89 961 437 216 7 518 13 153 580 484 857 451
910 782 353 305 127 759 328 210 0 891 536 420 415 173 449 913 305 74 148 873 388 108 8 121 974 179 235 518 328 471 585 927 688 568 363 755 371 274 672 106 525 189 88 451 850 435 998 221 728 335 132 698 852 922 849 780 689 56 438 485 772 992 418 995 337 126 381 120 715 379 846 737 677 327 579 749 494 779 816 799 810 414 241 116 561 615 446 863 270 948 776 839 214 728 839 851 79 24 809 41 847 682 891 165 336 386 254 658 195 251 603 690 646 991 625 5 85 332 169 492 312 812 28 271 669 220 169 353 332 935 480 489 776 566 325 238 99 927 125 609 26 605 741 429 379 171 349 924 629 631 82 609 562 465 242 446 657 956 948 840 42 407 593 495 95 932 658 625 75 95 852 152 554 208 498 538 290 794 154 766 426 553 74 288 215 136 103 638 188 485 100 194 4 32 657 924 837 299 939 718 486 827 614 752 926 879 403 330 891 315 576 420 330 161 865 535 186 322 890 782 369 64 364 427 153 831 366 239 662 342 493 359 542 204 362 928 627 624 410 462 204 256 686 633 838 87 321 911 309 100
636 835 430 155 658 534 14 187 891 0 478 448 717 232 930 53 398 864 945 809 368 123 836 65 766 565 933 510 384 405 51 326 816 624 829 756 114 621 879 111 207 986 332 441 715 337 570 186 837 883 359 819 216 661 532 66 382 132 133 487 382 93 754 458 866 513 349 470 474 99 612 601 830 347 954 637 326 283 448 424 713 105 808 619 523 487 330 401 635 129 341 966 937 235 530 793 489 222 387 221 95 891 352 902 626 283 85 23 285 687 856 390 842 546 212 620 820 972 460 115 595 621 8 587 151 990 358 682 893 549 259 276 374 788 304 112 391 407 972 692 988 275 887 915 780 43 44 896 496 56 716 831 754 841 108 796 257 660 163 449 303 527 733 235 901 505 195 317 745 118 251 29 401 57 594 144 529 114 872 242 418 284 47 434 968 620 762 919 762 35 65 861 374 514 367 388 857 985 566 72 538 847 305 10 327 441 312 650 909 4 169 646 598 350 466 940 345 48 415 152 301 385 821 482 564 248 808 470 986 129 105 911 486 233 402 588 301 211 676 523 303 839 584 862 177 174 40 834 610 693
847 943 155 217 921 688 841 372 536 478 0 837 213 440 712 680 761 610 597 811 1 778 629 570 793 716 319 586 48 594 986 727 607 671 841 528 839 592 150 720 710 398 796 650 408 691 333 421 314 874 249 73 613 296 368 433 938 412 110 230 851 329 14 423 135 630 496 811 348 136 854 992 976 297 847 94 459 886 915 176 625 223 360 875 347 255 115 852 185 626 728 508 749 66 147 292 43 318 324 242 724 161 374 737 640 154 435 980 923 552 846 981 8 941 372 483 577 848 284 10 171 386 288 326 7 66 649 105 348 692 325 584 326 787 599 284 768 826 88 142 659 308 568 560 650 706 997 928 309 907 945 339 918 666 403 105 314 243 856 255 804 763 503 834 700 2 215 497 87 454 465 416 543 259 732 462 320 948 947 590 726 546 166 115 47 299 482 209 456 978 459 673 889 870 299 889 268 582 424 155 639 452 757 705 241 8 907 248 953 517 877 341 10 619 35 972 990 51 2 139 865 474 968 231 439 744 989 626 665 982 310 328 252 913 903 495 423 91 290 748 212 14 870 720 352 947 972 594 47 894
447 902 507 920 612 73 763 968 420 448 837 0 446 770 436 309 39 937 564 553 185 848 190 313 118 25 607 336 551 332 119 106 374 617 367 471 264 143 947 981 719 17 425 384 501 287 487 448 944 639 326 149 194 761 367 780 82 823 800 448 338 238 695 998 958 604 710 655 769 365 60 849 529 887 258 953 906 1 694 467 510 988 205 542 69 395 740 375 447 938 871 428 364 358 798 824 259 336 634 493 595 852 406 202 656 893 974 281 80 600 650 606 458 922 507 250 552 812 817 134 605 185 327 87 631 977 514 886 725 755 112 895 902 512 328 553 9 129 805 674 300 176 806 4 871 205 169 838 714 566 139 431 606 568 352 199 973 785 972 874 339 928 777 294 843 928 418 586 302 614 652 656 449 126 554 118 444 806 49 634 131 712 111 527 857 877 563 303 231 345 236 36 947 806 548 58 418 194 146 449 537 992 251 4 827 583 220 137 573 714 269 112 424 67 628 709 551 486 687 782 913 572 875 285 600 591 785 596 159 772 504 328 236 42 400 283 30 649 530 510 136 200 909 810 825 214 436 652 768 226
450 696 187 52 528 910 956 36 415 717 213 446 0 786 616 213 932 986 413 558 872 470 650 735 831 256 399 213 766 687 929 482 481 508 180 321 13 784 999 886 114 392 974 841 529 970 501 742 662 223 775 257 547 572 652 778 489 101 165 871 577 877 939 814 124 98 418 721 271 426 867 794 159 57 379 157 806 732 991 631 705 416 293 616 815 730 727 720 402 723 706 605 865 1000 414 303 233 154 360 570 948 785 239 861 232 990 667 630 918 970 443 455 945 643 878 358 907 661 110 712 545 1 653 618 490 55 676 362 977 38 363 461 337 471 500 781 515 451 291 333 888 199 491 420 870 80 294 63 290 395 171 30 448 875 879 722 267 148 829 739 810 973 781 814 680 137 770 971 849 817 90 564 41 68 957 799 460 347 651 912 603 17 2 634 471 824 960 798 60 47 317 945 638 568 723 613 774 489 723 286 118 599 468 204 993 215 257 796 970 875 442 22 715 734 133 17 833 922 888 229 942 641 924 670 651 109 110 432 276 500 838 920 403 692 970 607 389 15 447 973 500 405 680 571 353 429 63 705 115 122
321 271 240 11 214 392 988 831 173 232 440 770 786 0 731 930 88 963 856 470 625 43 446 207 374 680 193 799 500 121 981 253 465 882 498 114 33 363 61 771 588 117 129 922 382 267 915 808 772 151 579 8 906 190 203 32 666 20 754 975 810 587 32 563 234 238 757 551 602 710 251 595 134 585 605 799 11 401 383 790 480 264 272 509 405 254 663 675 270 429 170 231 772 705 180 231 254 869 601 642 560 577 826 468 923 31 465 866 264 834 693 794 540 41 470 763 701 968 553 34 591 500 933 886 883 479 149 101 876 743 499 954 820 845 425 814 975 639 86 535 808 422 621 129 986 455 619 999 444 202 318 939 895 999 667 860 256 465 489 216 4 928 31 373 4 751 432 246 617 762 386 109 855 648 244 778 369 668 496 797 828 23 390 512 620 413 256 753 733 324 980 421 929 327 883 932 594 417 359 708 132 712 454 65 894 514 309 240 689 734 48 299 486 846 812 520 214 739 914 102 985 555 965 477 597 95 874 402 565 127 447 685 656 315 521 18 465 238 475 458 947 309 501 692 902 755 569 109 627 347
115 379 798 624 302 950 264 982 449 930 712 436 616 731 0 851 851 704 759 31 136 991 793 135 390 977 526 976 882 173 451 980 155 529 322 312 5 426 164 906 68 718 824 320 955 634 54 747 326 406 897 677 888 165 965 555 228 297 193 524 1000 918 763 270 929 456 714 327 666 680 311 488 361 147 11 188 558 723 867 93 677 851 531 198 276 130 154 519 894 821 716 213 694 359 302 488 105 717 131 607 297 746 389 279 475 733 651 667 590 783 711 166 269 200 704 877 147 258 790 743 95 242 608 548 15 801 81 590 447 566 24 480 183 643 380 138 736 71 129 529 562 156 828 118 482 313 873 710 48 902 185 336 620 376 885 989 120 823 77 85 179 407 767 492 4 768 426 501 998 998 234 739 100 140 368 920 979 895 993 771 689 947 722 326 104 371 806 345 523 737 687 647 643 407 219 195 397 269 258 832 171 100 319 663 94 491 887 653 66 441 809 18 392 794 826 960 632 258 562 84 332 283 462 729 855 225 408 57 362 64 605 305 316 600 405 614 681 964 350 360 295 47 501 131 939 198 488 225 733 307
784 690 446 29 180 452 121 361 913 53 680 309 213 930 851 0 105 152 734 244 804 273 15 380 901 621 333 523 59 654 374 249 431 462 717 320 470 909 641 210 134 167 114 952 689 615 402 599 280 57 303 862 16 22 924 741 88 853 122 750 70 861 512 451 770 959 541 575 715 291 916 751 529 632 849 375 375 258 785 209 462 481 631 905 219 851 470 25 683 18 716 471 859 41 405 969 376 421 752 225 367 506 219 581 370 942 918 248 167 931 258 877 289 146 425 579 390 457 860 360 537 557 455 689 695 408 62 311 573 32 814 378 464 249 888 934 964 289 499 9 643 214 259 220 642 877 785 966 322 206 974 242 371 836 403 966 259 366 381 22 263 750 545 473 856 82 283 739 140 126 55 325 428 555 157 604 855 771 65 368 208 135 970 950 438 40 319 89 423 218 501 962 921 911 169 242 82 387 38 436 413 923 148 972 965 376 337 993 329 874 895 898 753 771 208 627 633 888 777 854 339 623 40 388 380 408 347 774 40 879 64 5 685 84 920 383 542 855 990 127 470 486 196 932 404 760 693 450 329 579
366 202 929 305 617 416 249 446 305 398 761 39 932 88 851 105 0 296 685 606 384 471 950 189 725 709 542 335 775 430 3 329 865 834 110 489 374 383 263 153 759 786 418 939 596 505 224 233 167 794 275 840 695 870 545 56 175 663 123 665 303 843 540 948 553 704 407 552 269 419 69 228 388 620 937 945 81 532 32 548 6 670 401 96 111 772 170 212 717 470 437 482 936 321 706 735 209 534 822 758 619 223 598 173 825 77 154 930 286 889 76 178 744 91 312 544 917 31 359 743 122 802 765 809 172 984 396 439 728 71 464 90 522 230 988 406 585 421 916 452 10 96 10 959 25 962 909 19 771 904 155 180 81 449 223 2 335 180 995 942 650 365 114 590 409 882 890 823 211 440 143 849 23 908 943 392 588 993 513 905 461 333 181 208 965 340 394 901 40 751 988 407 446 19 145 472 77 204 723 158 490 963 828 852 572 26 545 170 462 411 577 520 366 71 455 141 480 232 307 660 5 252 842 661 946 929 707 931 660 214 871 441 684 802 322 800 763 31 558 395 921 910 79 631 553 261 520 585 94 95
606 823 573 192 461 817 754 528 74 864 610 937 986 963 704 152 296 0 461 468 857 821 133 231 689 754 362 274 105 390 539 460 83 406 399 525 342 862 60 886 529 67 983 276 630 844 774 337 396 811 567 934 830 537 65 35 967 516 457 929 242 250 406 220 688 740 374 122 774 669 938 96 986 32 960 814 245 780 540 790 329 223 190 326 763 789 685 82 595 60 155 892 386 746 610 946 826 399 358 413 545 176 923 752 366 998 481 216 736 637 132 254 65 202 773 966 131 471 60 660 992 421 950 270 41 479 846 890 452 719 895 485 725 353 25 371 431 84 727 908 109 249 451 897 693 777 291 58 914 608 140 597 405 533 589 912 910 523 394 27 988 90 207 348 486 280 488 123 971 47 569 665 617 837 71 446 545 833 769 251 323 324 623 525 117 703 811 77 224 121 251 944 181 483 694 769 325 785 15 720 330 680 362 983 745 989 172 806 613 98 950 639 172 750 739 162 840 370 4 349 141 26 683 81 582 86 263 680 764 865 203 28 146 259 996 213 440 646 809 238 606 350 726 294 879 130 59 514 58 768
544 970 209 213 466 335 138 849 148 945 597 564 413 856 759 734 685 461 0 693 888 32 295 935 54 637 390 468 246 416 905 633 967 315 762 462 109 978 498 670 289 876 602 956 295 170 340 89 525 569 918 630 15 794 501 402 171 978 140 103 891 365 460 56 38 133 382 374 32 488 891 133 273 901 851 477 158 20 914 773 332 328 20 18 200 356 547 285 875 672 229 83 399 725 238 775 402 935 83 449 166 40 675 138 434 232 7 950 44 121 837 374 486 250 941 41 218 38 695 814 548 765 710 254 875 297 828 207 860 923 654 861 420 239 440 966 688 953 816 947 828 880 707 378 645 334 301 687 333 129 701 283 915 515 817 914 305 687 626 84 195 605 342 203 46 870 51 163 743 57 63 6 217 732 660 91 430 248 425 386 828 292 533 612 7 864 356 391 752 849 374 533 3 662 632 226 704 208 530 87 52 164 517 578 608 253 941 135 856 319 451 782 992 162 218 152 381 383 230 677 725 244 250 182 73 413 467 457 120 255 63 966 528 753 691 905 211 815 375 976 898 357 689 370 302 361 324 606 276 588
773 227 614 166 971 109 838 122 873 809 811 553 558 470 31 244 606 468 693 0 246 865 120 768 7 838 702 369 994 59 491 110 900 553 724 749 293 707 598 754 297 34 182 924 170 40 240 16 681 352 193 256 214 570 549 822 701 141 949 881 606 216 658 249 28 647 717 359 639 347 865 877 680 626 407 484 635 486 695 25 634 693 379 580 402 144 746 726 871 657 507 203 383 484 810 322 794 949 10 968 259 50 386 860 373 492 69 151 98 403 549 624 143 750 406 266 487 870 934 862 255 757 805 324 963 521 50 556 385 280 398 602 548 72 118 43 232 763 347 706 239 640 314 348 361 443 344 291 541 953 916 115 388 839 223 857 105 450 827 941 525 350 405 434 874 481 518 229 934 163 81 430 440 647 739 516 88 72 869 50 186 316 627 659 272 413 318 952 261 355 293 759 361 985 210 859 183 573 31 254 190 783 846 1000 864 976 110 398 103 198 237 894 453 180 158 922 250 926 862 651 830 183 360 208 944 440 905 771 234 944 234 760 110 899 441 321 508 141 42 999 695 386 875 701 53 244 829 455 860 381
947 210 174 230 644 406 87 512 388 368 1 185 872 625 136 804 384 857 888 246 0 506 907 393 965 477 273 639 513 969 33 536 192 630 118 225 523 359 156 847 512 722 518 155 771 886 430 621 285 149 921 790 325 665 43 78 98 710 707 553 365 371 540 213 86 43 377 778 61 943 12 589 505 705 149 598 96 94 742 107 448 217 752 520 311 983 219 558 114 932 561 801 998 521 783 185 30 969 397 884 937 221 332 480 627 713 990 366 54 738 962 434 726 608 167 751 398 411 76 954 114 370 125 21 253 694 850 597 261 592 717 660 17 660 436 352 934 194 561 64 424 74 769 177 547 703 315 645 753 433 769 443 39 615 542 189 586 57 785 504 982 650 629 875 752 496 205 508 223 379 994 785 414 51 395 741 351 318 345 848 427 360 228 734 190 949 437 328 28 939 939 742 894 452 767 340 906 741 711 309 239 267 258 205 757 998 656 960 294 946 88 554 101 963 154 337 548 61 866 358 38 452 563 421 664 673 488 553 330 605 316 449 338 169 404 772 942 967 487 326 288 42 475 83 169 795 562 121 652 617
285 256 155 29 173 27 944 709 108 123 778 848 470 43 991 273 471 821 32 865 506 0 401 709 132 321 419 422 233 279 704 894 324 342 260 416 855 586 199 344 896 571 308 774 118 294 688 186 876 397 684 543 611 731 486 403 553 92 845 591 604 651 141 548 135 862 265 347 914 988 481 852 685 112 600 763 787 92 873 648 626 348 917 421 574 382 899 638 350 476 553 821 490 671 795 770 333 264 353 178 958 215 89 187 76 808 784 912 841 611 893 541 244 755 436 810 442 61 30 36 597 708 158 402 189 290 376 546 841 57 534 114 71 663 632 546 548 166 705 422 940 830 873 369 922 278 252 638 969 803 406 929 699 766 976 563 125 695 160 994 533 608 944 340 482 599 765 40 697 711 69 800 133 37 814 608 861 88 399 633 131 224 606 513 314 591 861 699 362 283 107 34 555 681 74 797 698 235 298 578 65 128 145 429 897 438 897 522 557 805 504 862 510 78 600 681 63 189 3 223 783 897 539 241 719 994 1 334 666 964 100 233 977 750 8 611 689 320 843 456 514 177 218 523 255 508 360 926 939 912
812 679 765 228 398 962 684 458 8 836 629 190 650 446 793 15 950 133 295 120 907 401 0 570 942 534 781 141 76 432 701 253 459 857 408 721 996 248 835 614 797 548 255 375 500 801 763 671 580 263 455 632 432 858 808 100 140 439 466 862 149 366 417 596 245 525 682 212 722 566 716 932 242 248 540 971 191 650 834 763 659 372 742 680 302 533 161 1 595 560 455 173 738 360 96 514 569 510 508 640 734 779 962 284 318 510 721 201 752 931 554 385 362 26 136 788 392 866 868 215 274 650 747 431 882 633 852 981 382 848 251 689 887 871 422 795 29 709 746 786 235 230 689 701 599 300 625 860 403 396 894 2 11 135 983 836 837 361 337 14 731 314 410 53 26 930 561 107 311 150 832 925 302 736 681 319 895 613 482 590 556 253 329 433 795 168 469 66 593 515 679 748 415 630 278 137 431 725 853 281 336 960 26 940 877 138 514 811 927 351 53 755 511 777 418 53 557 137 662 719 567 975 483 249 184 717 3 539 803 922 524 461 759 309 615 230 40 403 742 817 651 543 748 385 311 152 211 55 213 979
878 314 109 981 226 409 164 308 121 65 570 313 735 207 135 380 189 231 935 768 393 709 570 0 551 29 553 757 368 947 276 386 608 73 396 72 375 650 736 238 134 274 378 510 292 872 605 814 367 171 657 21 641 944 763 397 521 167 507 412 821 947 596 789 585 897 453 358 225 226 60 583 1 34 241 78 883 607 983 812 283 262 550 166 733 717 906 572 792 552 739 698 462 500 970 985 729 858 469 395 991 182 844 837 398 294 89 966 50 769 90 556 471 512 721 392 650 678 663 441 100 967 500 862 931 977 301 317 551 385 694 943 323 327 392 602 818 560 43 146 730 240 366 628 671 30 933 905 41 341 368 4 609 501 289 126 715 498 387 365 399 279 401 558 186 972 242 680 584 729 656 537 285 240 451 241 412 997 214 636 706 173 446 578 704 631 747 546 792 834 968 547 960 32 122 680 260 463 242 480 974 579 694 245 61 347 674 542 813 912 375 149 742 782 821 638 437 951 111 16 272 720 382 409 62 581 559 416 375 166 939 362 903 455 794 405 700 582 649 720 323 751 229 967 95 965 455 596 920 435
837 105 665 390 525 401 765 544 974 766 793 118 831 374 390 901 725 689 54 7 965 132 942 551 0 871 698 237 798 786 538 470 532 199 156 704 831 540 141 624 961 704 13 682 691 691 330 934 202 103 417 243 184 427 679 942 756 726 988 732 35 256 14 311 196 775 565 333 373 987 339 333 700 643 494 968 354 156 30 76 161 276 386 855 970 36 667 401 548 355 590 994 951 242 639 615 177 109 466 758 708 711 737 57 519 280 910 542 764 375 584 322 421 344 965 493 332 201 941 4 442 290 628 217 999 709 828 817 480 864 47 111 965 241 888 557 515 83 806 422 301 495 413 327 273 171 931 526 596 560 435 677 29 660 94 696 714 34 501 671 15 5 658 30 50 995 797 739 345 123 909 60 347 361 939 224 418 798 690 319 644 586 351 845 620 608 584 580 950 94 474 309 611 820 375 765 868 654 648 556 432 291 869 186 31 248 920 529 827 560 123 583 599 349 432 763 389 269 723 315 283 296 129 885 739 89 85 642 918 925 342 837 300 465 843 295 505 756 641 199 912 795 946 964 817 90 464 144 744 522
842 370 927 500 268 469 391 266 179 565 716 25 256 680 977 621 709 754 637 838 477 321 534 29 871 0 608 926 801 414 984 215 427 784 680 622 117 756 722 675 186 406 288 301 128 931 773 349 88 195 694 600 250 531 203 168 436 788 744 966 583 652 759 662 728 619 263 580 254 216 514 424 756 360 840 899 441 275 37 153 600 801 120 385 494 376 659 613 803 226 878 22 284 968 375 927 322 592 73 822 317 583 266 524 568 171 189 283 820 336 418 905 191 189 733 758 550 956 325 707 686 172 266 461 382 34 433 271 871 286 251 792 725 346 743 168 690 529 6 747 325 10 858 906 468 236 906 504 275 270 185 413 250 938 834 912 685 134 322 148 217 246 469 105 997 818 800 748 805 437 446 237 49 306 785 444 885 844 99 981 692 838 86 886 533 517 649 982 750 748 188 851 463 343 157 842 538 561 810 857 182 859 190 998 445 622 893 509 432 425 141 581 970 593 839 405 811 854 995 356 995 216 51 401 459 945 962 236 452 719 476 55 701 739 457 602 799 753 578 303 349 803 294 421 747 289 680 513 92 972
257 312 28 149 761 407 304 263 235 933 319 607 399 193 526 333 542 362 390 702 273 419 781 553 698 608 0 657 530 13 538 843 982 911 655 527 33 304 261 707 161 598 619 663 631 963 70 72 511 614 471 122 626 726 426 679 703 601 130 489 229 81 592 404 889 658 247 385 569 423 937 205 3 289 875 728 830 564 412 854 119 114 527 212 774 669 185 114 255 664 816 860 133 859 830 844 170 983 671 504 33 581 55 425 138 556 2 770 125 318 732 398 659 133 21 721 397 618 180 293 275 318 124 493 413 138 494 408 247 251 567 917 168 507 616 408 383 817 503 205 312 747 590 425 222 618 990 615 385 356 617 951 419 746 325 482 804 63 255 647 427 974 925 119 921 229 618 579 433 658 125 574 282 411 479 599 498 504 980 818 941 77 68 182 4 166 490 485 935 864 292 998 341 31 935 758 153 485 7 611 610 673 787 845 532 643 391 9 476 602 333 370 596 469 358 827 700 192 810 477 676 511 35 52 511 598 65 96 915 958 780 600 703 378 213 799 158 722 252 205 165 359 203 962 351 260 321 995 808 457
346 566 823 356 165 215 523 770 518 510 586 336 213 799 976 523 335 274 468 369 639 422 141 757 237 926 657 0 339 935 368 659 439 655 597 33 792 155 98 823 338 647 42 283 785 290 580 149 132 49 324 467 364 703 151 545 375 240 897 743 66 125 485 451 920 98 247 710 425 87 515 449 785 605 871 498 305 721 447 864 730 601 432 706 480 404 384 749 430 199 800 141 629 475 400 1000 296 781 388 881 245 703 686 693 76 813 689 542 226 993 755 215 434 566 654 137 267 790 799 575 553 576 270 756 363 853 121 817 780 297 739 169 426 967 878 637 441 214 191 322 201 935 651 917 902 757 272 76 106 826 330 997 281 487 217 531 720 413 809 376 645 503 981 879 612 488 494 860 158 938 70 505 143 409 873 731 736 534 463 219 749 924 381 835 493 701 229 277 980 575 151 972 417 118 991 497 418 844 176 806 729 966 536 237 90 644 15 797 345 822 630 50 289 63 824 464 503 956 967 744 52 117 692 358 10 393 636 490 526 110 897 951 146 235 543 178 765 253 991 739 66 102 836 640 176 346 884 999 477 299
943 242 143 814 82 483 635 127 328 384 48 551 766 500 882 59 775 105 246 994 513 233 76 368 798 801 530 339 0 564 914 185 131 749 779 431 696 109 112 958 217 526 230 946 737 355 145 834 762 547 106 306 136 164 608 206 610 987 488 534 515 276 504 477 408 117 214 190 170 190 507 141 585 365 556 104 871 803 195 829 378 958 295 24 569 510 119 78 652 956 253 789 295 602 738 35 554 786 624 43 264 854 738 816 311 172 589 93 325 106 343 164 710 211 259 451 663 98 125 728 514 615 564 351 24 988 339 458 739 918 574 588 983 392 370 908 377 906 566 746 301 910 175 593 999 281 296 146 45 320 690 426 950 256 96 186 626 118 555 222 409 977 810 216 512 432 903 651 711 975 752 409 586 543 519 639 873 285 614 945 122 405 363 115 879 317 662 872 288 718 637 20 54 836 1000 142 720 873 670 76 422 657 349 625 228 666 43 449 218 38 599 820 82 215 416 927 257 249 32 38 216 54 177 337 151 260 58 747 218 696 276 848 320 816 495 151 313 695 839 714 432 513 618 30 532 27 159 285 929 396
359 731 640 332 620 64 561 329 471 405 594 332 687 121 173 654 430 390 416 59 969 279 432 947 786 414 13 935 564 0 701 765 296 497 154 879 505 23 288 666 938 101 705 163 661 755 225 435 946 849 500 467 701 933 377 580 837 460 316 777 544 705 187 418 846 929 917 748 126 966 83 668 208 486 956 323 413 369 713 163 580 301 825 796 252 733 945 876 564 840 677 540 433 527 376 97 422 339 133 292 974 982 288 618 78 464 454 54 316 172 373 531 151 283 2 495 316 851 476 310 880 471 405 781 121 659 903 513 989 518 753 455 443 672 131 148 326 12 896 326 26 805 646 999 454 704 162 730 101 30 868 330 796 189 747 710 568 324 312 250 731 341 147 595 556 241 119 479 552 780 424 35 660 208 504 229 311 13 450 473 458 682 804 832 603 387 818 365 287 315 405 274 725 184 107 248 274 146 155 987 471 838 63 466 923 933 156 225 468 193 367 42 116 540 478 449 856 548 385 716 423 63 614 74 172 939 610 444 523 961 720 261 347 46 740 2 251 528 272 202 197 541 330 896 278 338 628 821 472 866
630 740 343 785 599 772 95 743 585 51 986 119 929 981 451 374 3 539 905 491 33 704 701 276 538 984 538 368 914 701 0 663 121 32 674 472 953 848 326 614 586 512 58 895 447 928 384 89 296 969 13 445 13 487 491 491 967 740 732 196 92 458 406 758 877 148 462 650 993 686 327 804 822 618 94 425 503 329 253 686 801 87 621 972 26 63 600 959 377 574 999 924 340 216 843 462 796 224 281 720 884 282 976 25 111 31 367 150 690 658 63 612 60 476 474 143 702 233 828 423 207 595 367 231 392 104 91 166 109 885 631 706 382 454 543 965 709 791 583 228 896 903 66 898 691 645 990 252 811 366 73 232 326 754 372 50 87 412 879 606 631 52 13 571 31 930 282 797 68 83 73 415 450 956 707 30 148 779 883 548 289 857 541 287 385 334 602 725 809 596 604 519 753 478 285 18 116 991 405 857 324 19 863 845 305 676 678 550 996 275 770 181 945 12 49 169 950 282 951 20 444 348 858 479 946 285 118 323 589 189 88 416 985 518 951 935 361 707 872 582 256 94 991 696 746 531 995 139 669 303
839 618 186 945 884 637 825 225 927 326 727 106 482 253 980 249 329 460 633 110 536 894 253 386 470 215 843 659 185 765 663 0 817 368 953 508 530 420 597 518 364 154 729 445 774 939 255 249 876 553 154 418 638 6 225 942 733 24 538 585 715 454 188 673 756 103 425 282 296 332 1 994 496 543 435 770 516 833 40 448 402 142 552 184 241 798 779 344 680 889 622 528 535 761 615 713 953 883 449 106 71 801 226 173 207 627 315 357 169 281 974 763 409 961 257 785 207 822 279 559 705 726 567 760 396 824 678 369 988 964 690 345 27 951 114 86 925 743 340 151 513 95 664 427 658 352 227 711 820 874 196 569 231 597 143 318 220 935 635 671 939 319 352 781 630 354 553 328 22 908 236 25 627 52 727 583 953 581 888 359 982 578 440 709 966 142 305 731 182 236 720 922 75 77 897 275 315 960 970 507 302 452 686 803 173 278 730 666 777 536 693 691 360 738 812 747 448 759 543 483 707 859 152 64 947 106 466 443 965 547 820 225 19 962 455 96 805 165 307 985 759 667 420 25 849 683 445 890 665 395
891 749 894 870 620 385 452 887 688 816 607 374 481 465 155 431 865 83 967 900 192 324 459 608 532 427 982 439 131 296 121 817 0 985 446 623 666 235 336 230 998 473 92 495 520 172 988 534 544 310 544 439 942 286 300 153 174 777 367 214 701 627 12 252 41 626 152 680 271 463 111 665 969 588 702 124 425 404 569 991 169 363 638 621 375 333 496 386 917 796 409 810 845 642 180 917 545 65 192 950 7 409 993 33 417 832 301 490 468 327 780 873 208 691 643 14 254 956 93 717 341 186 775 861 877 749 829 229 439 818 863 225 307 804 17 697 833 27 32 781 312 315 467 888 784 456 587 124 116 186 886 710 934 479 447 490 938 425 730 821 527 711 958 635 20 113 944 353 591 257 553 22 792 404 222 305 437 416 241 633 646 526 897 913 214 93 577 337 467 863 584 874 544 42 485 290 148 74 20 654 78 288 134 267 648 103 62 647 723 206 832 688 574 409 42 130 533 233 920 13 797 260 457 285 934 228 775 800 651 328 172 439 126 612 970 990 300 111 270 283 670 343 819 555 281 505 293 765 584 51
703 285 948 726 696 16 962 855 568 624 671 617 508 882 529 462 834 406 315 553 630 342 857 73 199 784 911 655 749 497 32 368 985 0 874 256 627 663 462 256 298 996 868 763 750 322 460 857 905 830 42 970 177 631 879 422 364 797 579 167 647 387 116 55 590 619 227 363 847 928 451 174 715 126 462 179 632 207 779 162 499 114 549 244 361 872 921 91 198 409 713 894 124 231 318 442 891 892 738 385 386 653 987 883 147 64 735 318 2 990 151 198 449 604 72 222 910 970 896 976 593 512 130 956 546 495 940 451 268 767 878 841 477 984 622 630 722 849 850 718 835 355 810 998 659 236 432 470 220 503 644 507 242 810 296 120 157 972 711 361 729 491 484 989 683 912 496 657 367 421 144 826 125 786 43 215 494 222 882 788 190 516 317 779 502 896 784 655 861 280 717 199 43 393 189 252 725 330 882 146 634 439 115 618 760 487 526 810 619 793 371 117 353 394 131 821 484 930 804 320 727 142 311 69 209 62 805 873 805 643 632 43 833 498 140 12 111 534 161 918 838 81 670 578 784 350 959 721 927 874
355 756 36 915 105 510 209 769 363 829 841 367 180 498 322 717 110 399 762 724 118 260 408 396 156 680 655 597 779 154 674 953 446 874 0 285 31 711 707 253 16 522 419 181 750 960 536 996 776 714 469 234 577 433 668 962 287 493 838 19 176 582 759 216 716 57 584 152 484 546 58 334 394 526 78 900 967 957 870 337 39 882 478 222 781 662 827 999 491 410 921 73 284 999 710 524 717 236 310 549 650 500 833 85 57 301 167 376 168 484 549 321 571 439 593 711 592 667 358 479 378 665 372 902 933 271 392 826 987 447 268 657 769 939 78 378 410 866 960 757 117 699 753 272 431 489 367 912 515 811 910 53 398 823 992 36 53 485 767 190 445 590 47 997 753 838 129 207 976 142 370 275 352 31 114 82 661 890 710 673 538 68 61 332 648 919 874 995 772 466 699 623 357 59 982 23 332 746 336 434 143 813 719 94 358 144 509 972 801 547 712 797 902 401 317 767 412 69 436 164 229 955 630 378 458 931 952 257 599 920 381 231 515 911 462 616 985 512 35 671 181 245 876 324 178 873 790 848 105 230
212 191 206 404 755 683 405 910 755 756 528 471 321 114 312 320 489 525 462 749 225 416 721 72 704 622 527 33 431 879 472 508 623 256 285 0 157 170 887 958 446 463 943 695 529 346 416 497 336 98 298 383 776 799 404 276 442 780 45 79 618 737 979 769 242 472 710 299 832 520 572 44 853 693 857 187 831 91 956 183 362 712 244 456 102 319 622 601 391 233 494 121 867 482 672 441 164 484 575 910 540 583 895 65 767 966 974 823 870 408 226 636 300 436 89 397 664 124 460 510 739 418 103 979 464 834 397 927 924 978 588 345 894 918 566 578 563 476 819 800 250 599 337 769 651 327 846 407 903 740 984 975 301 736 842 680 168 976 408 338 265 913 514 833 891 657 945 352 286 332 840 582 343 413 942 610 563 244 407 202 656 441 833 51 774 565 295 944 439 963 515 531 947 204 211 961 911 721 669 338 593 287 11 127 753 559 161 736 396 732 597 477 467 193 171 469 988 600 911 701 862 553 492 170 888 922 597 597 305 818 645 153 327 300 835 626 435 17 854 614 937 469 203 252 910 399 366 893 764 783
349 685 309 405 519 496 265 896 371 114 839 264 13 33 5 470 374 342 109 293 523 855 996 375 831 117 33 792 696 505 953 530 666 627 31 157 0 124 765 643 338 462 268 512 504 939 422 504 61 205 422 341 295 610 190 409 861 44 897 519 364 180 285 355 759 916 458 713 451 662 451 812 223 448 881 892 448 948 615 187 782 41 476 61 35 424 37 573 698 301 896 409 392 643 11 767 536 177 973 305 655 836 957 451 413 438 687 988 5 835 18 269 408 559 243 216 230 817 780 988 490 542 767 57 529 185 587 745 315 696 784 264 245 702 985 115 819 985 854 861 947 586 813 553 423 482 328 191 912 272 247 168 35 181 206 90 937 306 383 983 2 675 672 184 914 964 908 633 990 719 849 917 362 156 633 227 139 323 527 336 196 693 632 539 721 870 798 840 184 274 329 843 97 585 447 84 503 341 170 671 696 409 682 625 295 299 245 716 735 774 840 992 834 235 115 349 818 472 470 126 711 375 579 134 172 67 857 598 34 913 240 35 613 299 819 942 929 763 10 649 835 42 318 10 348 739 48 267 538 806
199 339 705 82 791 162 390 197 274 621 592 143 784 363 426 909 383 862 978 707 359 586 248 650 540 756 304 155 109 23 848 420 235 663 711 170 124 0 196 334 283 703 967 649 632 424 349 862 451 772 420 147 527 761 248 167 798 400 703 672 952 90 211 553 601 847 26 791 55 121 721 73 281 212 855 157 610 49 748 30 269 405 262 285 979 859 694 737 210 366 265 691 310 889 65 618 898 363 326 993 32 455 858 311 147 315 176 28 928 916 949 948 477 215 318 331 671 92 579 68 430 799 100 147 198 557 442 424 924 361 163 440 244 538 543 165 904 173 383 212 493 284 846 376 24 547 781 34 152 495 943 90 55 212 157 701 787 374 595 656 131 113 671 861 54 947 225 876 892 393 918 715 436 274 144 350 696 480 327 15 86 148 478 601 774 233 172 244 908 844 170 900 711 399 205 597 715 535 408 88 461 107 403 816 80 219 112 613 189 767 605 870 276 148 769 884 570 46 979 917 596 233 601 33 108 114 492 913 956 840 99 594 871 623 119 294 356 669 352 209 896 245 795 373 915 152 306 649 51 721
266 534 393 614 888 425 314 357 672 879 150 947 999 61 164 641 263 60 498 598 156 199 835 736 141 722 261 98 112 288 326 597 336 462 707 887 765 196 0 627 918 578 803 591 193 852 771 606 924 917 18 159 977 847 30 376 575 554 92 280 559 934 312 827 667 143 461 6 630 88 465 285 833 881 1 553 873 384 179 734 187 742 437 891 557 662 182 124 585 434 541 890 97 994 757 395 695 78 666 722 966 754 684 997 994 317 437 788 860 494 233 913 912 206 435 392 975 906 238 80 270 257 878 371 661 188 632 340 22 55 921 956 618 241 935 710 877 860 356 506 972 719 515 186 664 974 889 446 806 144 277 471 991 220 467 810 653 891 54 399 133 305 227 75 5 50 86 378 35 185 887 434 513 658 996 785 408 499 342 44 971 96 555 127 331 513 706 540 334 138 549 387 52 135 608 642 369 250 95 333 14 802 530 429 303 576 770 555 533 286 863 290 165 536 919 628 724 126 880 705 786 226 709 138 530 384 360 913 866 563 312 449 704 657 1000 689 308 942 688 454 515 540 515 799 559 400 162 756 911 675
310 295 908 907 100 987 757 704 106 111 720 981 886 771 906 210 153 886 670 754 847 344 614 238 624 675 707 823 958 666 614 518 230 256 253 958 643 334 627 0 294 213 963 947 842 24 871 921 907 605 609 675 975 27 689 330 635 333 978 925 692 741 859 711 628 45 591 793 188 711 816 54 423 384 912 468 829 340 400 368 499 946 702 650 999 973 709 701 662 551 463 500 497 655 820 66 109 72 246 894 513 970 6 283 692 445 181 937 5 535 403 907 555 920 994 821 67 920 42 164 181 394 254 230 714 333 734 161 210 391 547 48 234 554 590 603 764 25 345 645 793 376 457 646 634 715 710 144 170 565 910 23 189 896 924 222 119 189 58 193 311 729 574 203 820 942 197 597 121 193 663 271 662 549 393 901 743 648 521 653 647 784 243 932 685 741 146 271 489 74 387 323 473 677 739 541 640 753 48 724 362 412 262 306 836 479 637 231 410 340 548 763 969 616 956 454 940 508 748 675 701 419 545 626 94 793 449 515 675 961 796 969 49 903 943 205 230 76 51 52 554 987 108 731 563 987 140 71 167 314
