500
400 484
308 500
88 255
304 199
66 322
248 393
92 395
31 79
349 69
34 267
154 330
465 43
158 261
193 466
176 78
204 35
425 107
497 424
343 20
161 179
454 432
165 145
340 87
191 364
118 199
106 484
17 435
311 241
398 252
454 437
433 288
161 337
22 388
463 271
19 294
269 491
210 364
443 222
83 113
207 278
453 139
95 104
120 191
201 160
330 369
264 201
456 445
357 365
272 333
275 249
431 173
327 187
185 347
336 339
283 460
94 354
285 134
349 498
466 29
460 156
321 56
28 252
103 273
15 326
230 299
387 470
357 448
207 400
211 152
498 158
222 50
464 464
155 130
199 289
134 237
462 366
373 354
370 156
357 52
170 80
101 97
245 70
403 341
85 171
386 230
491 4
58 312
370 259
229 332
1 297
38 109
124 304
315 405
360 81
299 165
266 111
113 410
47 476
206 495
11 470
65 293
9 238
458 308
117 31
500 483
459 416
379 169
141 262
24 82
281 42
130 299
281 468
442 466
339 171
495 48
158 207
136 228
397 227
235 209
448 412
233 85
272 490
242 389
443 98
129 392
367 68
337 488
23 257
113 174
83 434
459 49
472 203
68 405
24 430
28 325
278 425
303 156
133 121
58 394
392 361
214 298
71 66
393 27
14 14
124 211
72 36
317 152
166 416
389 322
294 357
210 203
438 311
416 493
51 351
312 254
183 174
262 362
205 12
287 474
187 354
104 74
488 81
92 8
33 268
150 497
497 276
98 30
349 377
429 101
247 338
67 269
330 238
439 64
25 417
316 484
408 409
283 332
445 262
455 443
224 14
110 448
29 80
108 48
350 41
481 479
77 130
115 115
205 274
198 55
114 62
76 417
339 266
337 66
378 245
55 311
351 200
198 206
255 423
191 431
434 89
466 237
258 492
114 52
217 267
479 148
332 469
283 151
191 42
438 468
184 328
2 327
453 412
232 383
149 268
189 469
355 57
212 300
486 455
161 115
66 235
490 227
136 31
419 36
239 76
44 370
279 254
178 8
157 369
166 420
55 319
460 361
28 457
65 409
115 468
237 24
449 108
384 166
450 252
1 329
355 43
386 82
128 374
258 272
101 4
356 79
347 256
443 14
137 38
376 312
161 267
475 30
143 74
326 468
142 143
271 167
109 281
62 345
346 230
164 401
334 478
292 9
495 473
434 40
356 479
294 433
95 89
417 83
213 459
266 70
222 266
472 54
400 6
146 116
76 411
270 69
291 366
45 264
402 150
230 225
185 324
370 285
423 464
238 195
74 372
395 169
112 228
19 237
176 79
350 281
158 29
232 48
421 480
424 6
132 11
293 215
157 439
210 376
215 44
412 453
212 65
56 373
209 255
206 353
173 133
309 261
192 175
498 266
433 27
98 443
96 378
270 256
23 259
312 115
264 23
257 156
58 343
231 119
49 23
268 160
24 200
195 112
21 423
305 311
171 367
198 325
270 483
448 283
188 103
375 494
257 370
180 127
280 342
188 86
425 320
187 248
387 54
257 18
225 389
7 368
21 332
442 350
439 33
337 248
479 343
30 317
299 61
422 310
5 87
398 153
240 487
150 431
297 355
56 371
383 314
46 340
264 216
151 247
55 143
419 131
462 293
322 210
22 249
409 472
122 94
338 431
216 344
453 447
110 478
223 83
374 415
7 268
370 42
95 121
184 271
485 449
224 38
475 293
52 437
294 470
6 33
341 461
211 200
280 54
204 206
433 37
22 470
263 218
481 212
261 210
341 470
99 449
393 90
484 161
470 389
328 393
347 362
300 161
221 395
430 69
153 377
493 351
116 271
474 193
388 148
242 406
76 42
240 2
453 467
126 36
486 372
327 43
45 9
279 30
66 246
36 247
463 190
345 479
361 258
350 23
374 23
318 409
123 179
73 89
158 120
331 75
385 215
492 17
36 206
253 96
281 156
132 440
205 334
55 224
494 331
459 270
82 210
405 9
44 441
451 142
64 431
477 143
137 80
275 164
306 119
231 186
213 316
25 109
109 129
218 202
294 130
215 265
54 191
315 158
241 210
429 149
422 10
164 241
216 172
487 124
394 4
430 92
282 33
462 309
318 1
338 15
178 155
179 165
220 10
80 97
35 152
440 206
196 31
37 98
48 468
12 250
220 197
92 438
83 185
307 435
183 36
320 286
189 414
271 257
187 377
211 153
230 32
229 285
439 156
340 335
134 193
141 116
493 464
140 472
37 260
439 157
349 177
133 81
273 202
335 413
345 375
