500
255 262
253 262
139 262
303 262
331 262
348 262
318 262
202 262
409 262
107 262
480 262
443 262
373 262
421 262
181 262
96 262
146 262
216 262
124 262
174 262
453 262
234 262
125 262
454 262
473 262
352 262
238 262
155 262
210 262
392 262
274 262
135 262
493 262
159 262
135 262
145 262
235 262
27 262
230 262
185 262
487 262
212 262
390 262
72 262
475 262
42 262
24 262
232 262
88 262
484 262
319 262
390 262
305 262
272 262
82 262
54 262
41 262
85 262
368 262
338 262
407 262
464 262
458 262
459 262
137 262
328 262
485 262
129 262
293 262
431 262
266 262
392 262
286 262
224 262
61 262
485 262
133 262
159 262
45 262
261 262
290 262
252 262
464 262
112 262
342 262
79 262
165 262
278 262
24 262
248 262
340 262
230 262
29 262
212 262
468 262
474 262
169 262
396 262
406 262
412 262
32 262
59 262
83 262
160 262
217 262
89 262
84 262
72 262
220 262
167 262
218 262
56 262
16 262
5 262
289 262
248 262
45 262
14 262
473 262
438 262
137 262
70 262
237 262
54 262
158 262
119 262
447 262
372 262
139 262
9 262
154 262
215 262
408 262
124 262
34 262
47 262
340 262
346 262
185 262
364 262
325 262
365 262
484 262
404 262
454 262
473 262
443 262
386 262
189 262
14 262
442 262
150 262
225 262
2 262
412 262
105 262
370 262
317 262
430 262
271 262
294 262
99 262
16 262
184 262
38 262
315 262
251 262
8 262
352 262
464 262
10 262
8 262
404 262
237 262
400 262
363 262
123 262
124 262
417 262
303 262
405 262
46 262
376 262
213 262
290 262
181 262
269 262
81 262
181 262
337 262
400 262
262 262
269 262
494 262
226 262
315 262
111 262
440 262
120 262
302 262
391 262
196 262
269 262
271 262
237 262
184 262
172 262
252 262
362 262
47 262
85 262
51 262
135 262
152 262
222 262
37 262
354 262
424 262
328 262
250 262
343 262
80 262
243 262
291 262
23 262
465 262
160 262
407 262
297 262
164 262
480 262
376 262
149 262
31 262
241 262
415 262
101 262
250 262
488 262
118 262
382 262
65 262
111 262
426 262
71 262
16 262
363 262
499 262
67 262
110 262
173 262
191 262
92 262
344 262
313 262
59 262
484 262
420 262
76 262
459 262
249 262
178 262
327 262
358 262
62 262
32 262
348 262
462 262
248 262
360 262
396 262
201 262
316 262
52 262
451 262
365 262
448 262
155 262
419 262
482 262
25 262
342 262
98 262
255 262
160 262
416 262
225 262
365 262
275 262
32 262
296 262
294 262
201 262
186 262
114 262
227 262
173 262
228 262
368 262
91 262
108 262
362 262
322 262
423 262
337 262
83 262
106 262
46 262
383 262
302 262
414 262
144 262
47 262
207 262
316 262
319 262
120 262
216 262
203 262
296 262
337 262
121 262
369 262
240 262
91 262
152 262
450 262
289 262
31 262
268 262
213 262
6 262
29 262
175 262
106 262
360 262
354 262
488 262
324 262
187 262
54 262
237 262
496 262
437 262
436 262
367 262
353 262
445 262
97 262
490 262
407 262
299 262
193 262
37 262
485 262
131 262
353 262
317 262
269 262
232 262
362 262
222 262
415 262
302 262
50 262
379 262
472 262
400 262
338 262
251 262
218 262
53 262
389 262
44 262
454 262
84 262
377 262
372 262
259 262
70 262
4 262
116 262
458 262
476 262
382 262
334 262
145 262
169 262
12 262
272 262
137 262
448 262
20 262
371 262
12 262
346 262
27 262
246 262
341 262
377 262
495 262
401 262
401 262
354 262
442 262
211 262
269 262
274 262
249 262
28 262
441 262
415 262
121 262
120 262
381 262
339 262
305 262
32 262
375 262
491 262
74 262
148 262
99 262
357 262
82 262
180 262
30 262
322 262
484 262
40 262
191 262
96 262
152 262
264 262
360 262
47 262
86 262
248 262
144 262
26 262
120 262
228 262
84 262
158 262
117 262
385 262
233 262
116 262
449 262
421 262
195 262
385 262
1 262
368 262
8 262
57 262
182 262
398 262
169 262
322 262
21 262
489 262
328 262
350 262
162 262
323 262
125 262
261 262
107 262
33 262
2 262
332 262
395 262
433 262
499 262
214 262
193 262
401 262
339 262
491 262
157 262
238 262
240 262
59 262
489 262
453 262
288 262
216 262
254 262
295 262
202 262
118 262
75 262
435 262
364 262
299 262
318 262
286 262
20 262
145 262
