500
32 38
432 370
160 303
74 421
242 46
126 406
260 314
307 407
434 383
395 295
430 376
126 428
103 481
328 87
479 44
300 388
95 227
430 441
311 198
406 17
402 341
443 1
243 277
133 147
119 115
292 174
34 148
60 440
472 334
337 190
144 371
203 131
39 191
164 315
145 441
287 267
399 31
326 162
45 383
300 32
181 180
242 418
274 147
88 91
436 270
138 75
231 62
468 277
434 59
176 459
123 470
291 52
239 88
243 322
196 428
84 199
184 224
370 34
218 85
352 338
369 288
322 234
156 184
129 425
465 194
9 430
72 350
455 423
375 169
383 379
60 15
410 391
294 119
328 55
179 233
365 157
201 293
189 275
126 458
61 127
268 153
435 215
272 420
18 241
130 40
76 259
469 465
261 277
226 384
353 391
95 186
147 403
290 261
105 28
170 307
362 343
451 217
385 196
432 283
55 495
459 455
2 318
237 483
72 358
262 308
83 39
59 223
85 465
415 455
374 142
167 85
149 225
317 46
101 76
150 337
207 372
149 297
424 304
17 140
371 248
358 463
219 191
93 67
399 405
170 351
391 241
170 193
498 9
405 139
200 102
43 359
500 408
312 213
340 190
219 347
336 83
208 338
206 116
316 210
126 292
124 225
402 499
103 213
482 407
18 434
309 268
62 104
114 418
145 77
282 175
355 167
265 356
298 393
500 265
27 360
131 217
192 500
216 231
154 87
99 196
79 415
35 446
6 325
264 478
372 260
362 72
397 291
498 319
443 299
90 112
460 221
420 321
343 403
493 3
453 441
352 25
414 401
298 189
139 178
247 259
246 303
316 408
478 375
243 390
239 449
175 152
151 383
335 149
85 454
48 249
50 227
217 478
33 418
333 411
85 132
240 274
315 331
313 478
338 129
279 273
254 377
4 248
186 204
378 355
202 13
431 74
414 333
435 8
154 382
389 451
235 428
237 148
195 27
73 328
225 443
329 116
240 264
92 244
148 460
486 202
68 39
96 277
486 73
95 359
290 282
206 484
21 78
68 403
393 282
321 205
228 82
308 443
464 320
353 248
431 107
408 421
324 457
11 347
168 92
419 129
321 166
360 149
133 253
173 414
269 177
206 148
431 268
79 491
445 97
475 6
5 307
22 433
86 33
399 227
210 257
177 324
152 230
302 382
430 245
364 160
166 393
323 451
169 72
276 127
160 53
385 465
78 216
145 284
374 322
438 240
21 246
230 83
117 142
417 261
468 335
438 335
412 337
337 41
415 90
66 275
386 493
222 143
80 366
20 331
342 210
343 423
309 209
391 295
286 459
480 71
208 491
12 56
149 358
179 45
281 321
311 121
332 263
253 319
312 453
74 358
55 452
400 93
376 391
1 356
77 188
445 37
354 289
377 380
294 440
341 421
136 357
177 128
117 17
27 304
216 270
483 181
494 343
152 124
314 275
480 351
90 71
373 286
114 173
489 11
212 443
99 140
310 483
138 217
226 214
18 114
100 494
26 306
369 76
226 175
142 71
361 333
443 257
185 63
307 175
412 245
50 330
85 140
369 319
421 140
370 184
262 339
322 422
391 302
451 356
7 448
265 139
123 27
405 307
60 93
435 145
436 201
49 326
127 51
305 383
86 423
205 73
48 339
168 38
318 156
165 106
173 365
141 15
348 405
133 93
196 76
338 464
303 232
473 62
12 297
144 64
102 132
274 474
128 104
363 1
121 232
170 473
448 117
108 88
407 195
109 310
117 251
277 447
58 5
51 366
294 239
316 111
427 168
281 108
92 145
282 23
389 258
45 362
177 184
224 456
2 152
234 251
218 131
7 319
318 474
366 363
280 244
471 448
50 421
381 86
458 131
430 429
356 429
273 280
473 427
146 101
449 460
348 124
426 389
461 303
264 243
108 472
367 160
123 448
461 153
334 391
202 220
427 402
364 24
183 293
171 376
243 350
126 255
162 349
81 230
356 261
147 13
194 179
338 393
152 329
12 256
422 122
292 355
127 97
330 258
474 476
392 476
224 24
154 361
87 80
318 372
100 57
77 293
4 454
475 428
111 392
451 338
462 325
258 47
487 425
5 238
497 146
431 335
384 87
120 411
138 5
181 429
302 41
43 172
276 385
239 209
277 298
484 476
434 161
16 179
40 373
267 258
399 135
46 151
42 126
184 136
405 281
352 421
290 138
338 204
317 202
41 351
250 60
329 486
241 42
24 456
175 155
237 438
483 415
75 91
371 361
397 37
15 14
190 10
73 168
221 439
