500
23 423
84 392
105 287
359 178
292 410
25 174
218 406
206 323
5 349
480 449
492 415
382 449
429 366
12 159
9 254
421 449
242 368
224 366
260 165
447 309
403 110
408 414
201 88
392 171
227 249
39 59
395 456
5 353
231 368
236 100
23 380
3 316
496 299
466 433
369 406
236 472
19 315
3 447
3 147
469 37
145 9
266 186
218 260
189 32
285 474
485 290
417 232
2 173
38 250
356 498
398 78
42 166
17 413
238 85
94 116
127 221
453 334
315 68
152 199
160 444
229 121
158 56
409 258
450 36
183 305
494 25
436 29
3 139
369 63
137 237
214 490
326 167
230 38
311 70
276 393
464 429
494 269
239 5
418 244
296 491
152 163
403 404
196 335
162 489
439 207
24 250
407 452
358 18
151 415
223 204
208 282
215 445
267 350
351 288
231 290
149 98
491 449
264 329
467 348
268 219
290 389
231 330
467 365
472 456
439 496
500 200
285 454
172 313
446 408
455 287
310 189
249 272
41 298
66 318
277 255
322 485
400 438
474 27
6 363
377 374
248 335
112 465
6 118
92 167
414 29
359 95
171 454
182 500
399 36
193 381
317 17
470 478
444 372
333 339
333 270
77 242
447 341
192 474
37 202
281 215
479 401
295 250
66 168
123 485
237 187
21 275
424 290
96 155
234 356
321 383
63 186
161 194
333 261
82 494
20 294
455 119
236 317
97 6
16 341
303 1
491 26
32 56
225 85
405 350
353 306
40 469
158 461
440 350
340 280
77 60
350 93
227 328
123 427
356 213
93 358
335 456
417 391
325 346
412 200
137 327
55 358
59 113
73 110
288 135
347 350
380 449
141 251
94 466
444 308
146 465
229 101
345 448
60 387
465 123
380 453
32 116
153 285
140 382
241 393
66 278
421 342
215 286
478 153
346 11
117 341
64 15
235 59
328 11
315 189
198 141
143 426
32 341
497 191
74 27
231 144
185 487
197 33
153 171
189 126
77 214
380 245
300 210
306 256
454 146
362 114
474 160
175 318
321 402
292 246
464 237
449 385
266 60
215 322
218 275
144 74
369 266
314 475
480 159
464 382
298 336
487 14
384 318
57 97
486 201
220 425
88 410
290 161
118 35
126 86
128 239
134 79
486 153
208 186
247 314
403 41
185 486
199 299
412 192
275 50
436 368
431 94
206 41
437 194
405 288
296 361
413 259
31 187
190 200
389 45
450 130
490 409
73 197
274 472
293 399
87 378
376 71
154 256
34 184
212 430
198 98
14 464
394 358
325 314
465 101
467 317
348 288
94 453
32 288
246 84
30 479
379 481
330 284
416 418
395 315
496 346
267 230
347 370
285 165
271 32
81 239
370 253
73 194
267 190
377 272
297 51
232 31
83 377
284 278
380 378
293 398
51 101
318 71
229 107
103 411
343 9
388 31
456 18
351 308
278 301
17 322
370 480
498 109
397 167
148 353
109 240
137 391
40 449
437 472
346 289
412 452
403 283
282 489
134 296
243 178
337 372
348 473
61 385
409 205
79 415
86 352
319 424
390 203
150 222
152 375
250 294
470 219
315 327
283 423
419 237
212 475
486 348
16 279
447 256
200 28
481 40
29 307
156 144
52 489
389 316
358 427
235 344
439 55
16 221
298 34
240 121
192 41
433 128
487 32
144 328
384 362
179 2
475 61
233 8
77 373
213 145
475 454
60 32
139 112
384 455
158 277
256 145
384 250
156 458
441 302
378 233
157 399
377 288
417 122
334 83
11 213
144 234
208 389
239 59
403 270
313 276
438 41
292 308
17 479
359 247
353 124
272 429
347 183
160 488
160 489
463 448
24 55
437 445
42 350
431 342
381 342
88 201
421 197
107 266
48 214
71 189
415 305
139 201
197 23
349 455
405 66
226 78
380 443
403 87
33 78
186 463
181 87
126 115
383 183
45 149
336 127
262 334
38 52
403 278
151 82
138 412
98 84
47 481
158 149
173 145
80 88
412 423
226 42
159 83
247 169
149 120
361 128
10 108
134 393
404 273
112 186
80 255
428 193
342 345
19 458
378 447
156 380
307 45
456 246
43 211
23 111
113 49
295 427
412 25
43 445
164 6
140 207
86 65
93 431
3 93
65 159
123 422
150 63
295 249
370 302
377 186
453 237
2 153
160 438
171 82
241 147
466 464
178 183
101 368
304 396
293 153
23 352
233 70
469 432
464 477
244 37
210 280
34 454
214 155
373 475
227 55
127 453
148 122
386 114
460 430
37 43
