500
489 52
16 52
333 52
110 52
63 52
86 52
334 52
47 52
485 52
56 52
338 52
331 52
406 52
22 52
178 52
343 52
415 52
111 52
174 52
371 52
319 52
90 52
314 52
99 52
293 52
138 52
242 52
190 52
351 52
26 52
314 52
4 52
116 52
31 52
89 52
442 52
316 52
402 52
11 52
257 52
41 52
160 52
428 52
486 52
217 52
354 52
147 52
261 52
150 52
222 52
287 52
228 52
200 52
173 52
388 52
208 52
407 52
395 52
66 52
31 52
441 52
405 52
242 52
224 52
101 52
83 52
206 52
101 52
240 52
71 52
240 52
233 52
52 52
184 52
426 52
43 52
100 52
167 52
411 52
500 52
475 52
433 52
344 52
363 52
372 52
456 52
184 52
244 52
456 52
176 52
235 52
386 52
378 52
232 52
420 52
401 52
331 52
237 52
160 52
138 52
16 52
107 52
456 52
383 52
170 52
149 52
27 52
449 52
205 52
323 52
5 52
264 52
282 52
390 52
480 52
374 52
271 52
153 52
212 52
133 52
236 52
277 52
81 52
70 52
262 52
288 52
119 52
197 52
24 52
377 52
196 52
493 52
241 52
336 52
280 52
402 52
482 52
471 52
244 52
14 52
202 52
29 52
203 52
203 52
390 52
294 52
132 52
111 52
413 52
353 52
161 52
73 52
160 52
52 52
71 52
374 52
175 52
145 52
195 52
221 52
116 52
109 52
76 52
197 52
278 52
370 52
129 52
238 52
433 52
130 52
465 52
245 52
62 52
236 52
279 52
285 52
150 52
13 52
170 52
456 52
109 52
335 52
442 52
402 52
406 52
248 52
73 52
255 52
464 52
222 52
144 52
137 52
371 52
487 52
146 52
247 52
38 52
340 52
171 52
232 52
381 52
154 52
299 52
449 52
374 52
225 52
64 52
193 52
271 52
75 52
16 52
294 52
51 52
300 52
317 52
62 52
300 52
82 52
151 52
282 52
47 52
72 52
217 52
363 52
64 52
410 52
219 52
156 52
305 52
481 52
272 52
7 52
435 52
142 52
278 52
405 52
382 52
323 52
139 52
488 52
445 52
294 52
181 52
463 52
32 52
92 52
403 52
462 52
216 52
79 52
313 52
334 52
85 52
325 52
379 52
4 52
187 52
276 52
226 52
314 52
463 52
34 52
248 52
197 52
430 52
430 52
430 52
326 52
387 52
461 52
273 52
425 52
239 52
477 52
220 52
394 52
413 52
73 52
447 52
342 52
51 52
460 52
447 52
428 52
479 52
37 52
153 52
377 52
114 52
488 52
366 52
304 52
464 52
393 52
85 52
499 52
89 52
392 52
234 52
74 52
209 52
357 52
205 52
474 52
26 52
438 52
221 52
256 52
123 52
286 52
263 52
103 52
352 52
191 52
296 52
57 52
30 52
390 52
185 52
404 52
22 52
16 52
358 52
15 52
63 52
137 52
360 52
369 52
136 52
66 52
95 52
246 52
403 52
264 52
1 52
217 52
393 52
297 52
357 52
30 52
92 52
248 52
492 52
109 52
127 52
364 52
250 52
332 52
347 52
375 52
116 52
28 52
446 52
315 52
273 52
354 52
270 52
88 52
288 52
420 52
353 52
425 52
110 52
438 52
346 52
423 52
493 52
330 52
330 52
127 52
251 52
489 52
188 52
266 52
457 52
445 52
471 52
367 52
428 52
324 52
380 52
226 52
145 52
60 52
482 52
86 52
374 52
134 52
303 52
310 52
32 52
352 52
221 52
120 52
338 52
444 52
376 52
36 52
452 52
396 52
150 52
182 52
143 52
44 52
395 52
270 52
302 52
26 52
470 52
402 52
104 52
118 52
234 52
311 52
323 52
253 52
183 52
388 52
442 52
409 52
466 52
486 52
384 52
233 52
236 52
351 52
82 52
228 52
329 52
194 52
465 52
459 52
235 52
39 52
153 52
137 52
237 52
28 52
368 52
386 52
202 52
473 52
413 52
41 52
368 52
462 52
401 52
393 52
481 52
99 52
443 52
490 52
496 52
484 52
192 52
6 52
472 52
312 52
116 52
72 52
458 52
429 52
17 52
241 52
97 52
329 52
406 52
473 52
485 52
313 52
8 52
314 52
91 52
240 52
285 52
10 52
351 52
49 52
165 52
455 52
253 52
354 52
464 52
359 52
409 52
494 52
404 52
91 52
92 52
342 52
200 52
314 52
390 52
21 52
348 52
171 52
88 52
93 52
31 52
455 52
