500
79 421
210 321
56 305
384 198
384 109
218 149
64 150
159 53
32 119
90 469
273 16
59 451
480 101
76 228
432 73
462 318
497 18
348 156
463 400
219 53
487 224
324 73
418 118
473 384
139 39
199 269
429 489
368 276
54 138
465 136
188 232
321 183
232 195
424 452
356 49
402 237
256 284
280 275
210 45
411 193
244 271
409 124
368 378
148 264
396 219
206 216
90 209
357 263
266 313
428 394
95 191
271 366
383 293
387 126
92 38
319 435
443 490
254 327
247 323
404 379
220 197
198 90
146 335
54 283
28 440
243 229
349 258
93 490
391 205
329 171
417 359
247 443
417 461
453 414
178 203
117 249
235 357
106 9
13 401
446 236
401 352
360 252
364 287
317 87
383 435
47 206
410 426
163 8
296 30
358 262
367 353
176 317
173 445
264 216
232 156
62 156
203 305
59 223
437 223
155 350
360 292
356 237
446 24
77 85
75 158
150 66
390 11
11 20
246 360
227 56
25 353
168 33
199 467
91 343
278 135
445 199
345 473
84 74
482 318
33 20
158 450
40 52
340 392
23 242
450 90
215 192
298 334
229 281
337 41
335 64
463 226
65 234
330 442
14 353
340 92
336 410
386 176
432 76
410 118
91 173
386 220
140 263
31 427
267 179
45 259
186 309
286 499
190 351
240 40
386 204
456 320
316 126
3 453
293 256
143 245
197 219
85 435
85 473
99 204
240 163
127 139
422 370
69 439
371 462
399 316
403 68
60 286
475 111
95 256
67 184
71 159
378 385
372 5
391 81
285 159
104 247
309 33
411 140
47 425
388 338
335 285
56 478
360 268
203 139
103 333
101 85
252 220
353 276
83 122
135 249
189 53
473 148
67 454
331 201
6 23
107 86
51 317
122 260
9 380
136 255
403 379
182 71
9 291
341 214
133 171
186 424
194 122
220 196
240 129
279 299
187 247
292 377
188 150
31 232
252 202
112 471
181 461
284 3
151 171
306 15
384 113
191 437
367 489
182 165
121 307
446 22
394 197
298 2
397 225
473 367
102 331
117 10
18 478
408 302
479 306
235 287
351 292
9 231
357 140
125 174
379 261
323 496
69 412
85 422
316 437
437 372
452 1
445 474
300 487
355 91
451 14
158 239
312 163
273 277
137 124
220 411
496 277
334 145
33 401
98 124
412 76
145 129
158 344
427 266
303 288
10 39
200 307
17 75
259 35
447 458
38 398
460 199
255 229
145 315
173 203
22 31
475 228
212 91
235 286
465 176
339 335
479 185
325 9
268 259
244 488
76 35
479 29
452 288
340 281
118 175
32 480
29 115
329 154
69 394
103 347
457 148
275 51
57 351
124 489
33 289
135 92
16 8
87 465
414 342
467 272
389 164
455 209
309 250
401 250
128 28
484 189
279 398
357 316
244 177
207 233
480 63
406 423
109 470
407 356
228 498
3 114
152 176
97 220
392 497
295 384
310 288
133 99
439 336
326 37
235 303
159 167
379 248
251 137
205 15
191 113
455 289
257 193
168 162
231 34
242 474
252 92
34 207
288 168
287 268
225 178
130 88
411 157
459 305
88 292
152 428
247 424
148 118
310 202
301 288
268 427
403 85
121 201
489 5
52 195
448 233
398 217
294 240
121 306
19 87
85 123
455 322
401 315
2 14
482 9
240 33
436 31
146 133
121 423
410 73
110 38
82 474
95 329
296 453
481 298
300 397
130 33
91 8
283 277
63 306
76 68
100 99
235 316
418 113
480 284
75 391
181 401
358 451
170 425
3 54
437 454
405 194
219 65
94 487
224 220
464 258
99 98
355 35
212 181
4 173
224 264
357 99
351 435
179 55
449 75
423 97
255 413
394 388
368 337
61 392
92 405
90 432
8 355
126 101
190 26
370 489
39 416
61 293
291 311
463 479
159 291
59 97
110 262
294 403
170 416
45 127
284 236
319 338
211 441
399 110
324 183
25 423
279 306
27 467
34 261
276 467
396 392
450 37
272 464
141 139
187 437
446 171
191 130
221 123
194 212
191 417
413 98
327 424
132 393
314 14
170 411
337 449
351 387
452 426
420 279
88 157
471 47
384 339
470 115
195 306
77 212
134 500
142 230
356 199
97 324
89 64
253 462
279 299
239 195
393 318
26 211
79 64
4 301
466 138
121 410
292 96
441 96
268 333
346 409
270 222
65 64
224 112
418 177
319 314
147 420
298 371
232 189
492 462
380 29
433 143
96 22
333 65
311 194
218 449
289 276
50 449
