500
476 305
260 173
8 242
349 84
318 272
387 60
261 433
172 440
234 363
210 180
172 223
268 351
129 294
398 211
202 143
50 256
81 343
159 274
293 149
444 26
63 35
423 9
117 210
187 213
294 302
383 191
283 281
283 174
24 451
348 487
63 51
92 137
83 260
327 468
111 403
397 297
131 196
335 340
394 186
39 433
135 485
409 195
136 440
222 106
254 137
372 365
25 177
83 257
312 272
146 185
312 281
336 454
190 448
330 334
98 440
221 389
251 409
234 55
197 273
177 70
227 416
322 280
23 446
36 403
82 473
442 16
38 330
269 91
91 414
66 314
154 6
194 419
476 309
202 52
487 491
46 12
39 278
313 134
56 399
229 281
261 264
310 307
357 310
92 330
249 147
485 444
278 485
136 355
49 46
343 474
261 154
476 429
277 378
384 355
259 129
310 278
338 230
236 151
313 256
307 445
278 38
55 428
446 358
33 266
192 113
147 126
366 194
491 366
21 3
150 187
43 398
497 76
54 182
98 404
461 490
70 12
436 94
347 458
24 358
429 470
128 65
300 165
435 54
153 10
146 358
52 221
76 196
57 148
63 476
237 274
225 325
365 221
55 302
143 248
21 91
1 422
230 353
139 221
419 64
50 66
344 268
355 488
464 386
187 166
384 365
131 103
59 396
332 223
55 157
426 46
20 414
131 32
36 162
204 177
310 10
122 402
222 471
268 253
149 90
58 33
194 189
206 237
304 14
39 470
431 77
383 489
357 118
316 473
386 17
484 298
214 274
440 415
286 15
132 27
167 286
54 149
397 480
60 319
105 164
47 327
416 454
448 187
421 8
290 471
139 61
255 318
149 110
193 19
256 458
486 215
65 443
230 472
135 333
24 494
1 268
230 392
216 70
126 54
371 239
488 19
267 432
52 349
422 419
107 233
377 183
434 236
155 297
434 28
232 164
497 65
229 424
229 91
127 340
318 371
284 379
161 259
244 373
152 218
32 270
223 289
473 424
447 219
403 282
467 99
434 248
289 256
299 117
456 152
328 176
45 38
388 186
328 101
386 322
71 29
50 17
335 1
351 421
369 350
246 365
326 212
207 384
454 59
169 209
397 352
224 379
148 19
192 91
95 69
266 170
446 216
437 47
370 302
206 92
485 52
364 50
66 63
300 223
117 498
273 103
352 215
72 187
481 156
494 446
179 477
300 443
96 363
244 167
26 341
462 450
251 354
407 242
40 436
495 491
182 109
161 90
386 235
7 297
433 131
211 308
307 252
433 209
286 436
396 285
193 237
414 275
157 443
418 117
207 406
150 339
240 344
384 265
98 445
238 165
26 442
28 317
262 15
402 149
483 212
81 244
95 311
30 191
403 179
25 180
372 179
389 414
496 112
388 379
261 343
112 113
61 216
5 90
39 395
156 42
143 334
8 278
28 379
137 351
440 356
465 166
320 413
130 160
110 69
408 222
388 294
98 387
36 451
430 69
33 125
90 211
88 423
374 442
360 96
115 388
401 310
173 408
287 157
181 232
404 213
206 500
334 28
321 324
9 470
176 328
182 228
268 426
410 286
285 163
237 500
349 439
450 249
486 388
218 15
270 97
284 494
157 174
451 320
442 162
340 274
76 245
91 72
112 223
441 266
330 18
462 498
409 469
7 328
89 108
235 469
248 262
409 267
443 3
324 460
324 125
133 249
57 268
1 359
172 406
269 147
83 83
266 83
221 469
308 305
415 450
477 319
11 247
11 113
46 330
484 208
175 74
148 428
366 127
255 80
67 11
50 474
68 425
421 348
212 158
410 196
4 113
57 280
261 338
268 138
497 158
23 134
221 211
317 126
238 108
236 25
8 489
376 97
188 188
367 269
230 73
358 338
164 312
261 281
327 241
10 455
236 47
83 227
286 217
7 388
42 148
398 147
399 175
103 133
269 45
208 368
418 100
175 175
382 258
129 49
190 153
237 454
405 43
159 137
285 285
60 394
455 23
25 320
485 257
344 159
86 344
156 386
117 215
95 204
188 129
103 84
305 280
47 51
477 137
200 368
217 349
20 446
243 196
202 197
278 385
444 345
267 3
273 220
393 46
271 78
237 15
272 470
265 362
205 425
462 196
433 353
450 370
414 171
144 77
362 387
324 341
231 79
285 413
214 249
284 203
33 254
82 415
151 161
243 86
37 243
126 408
345 468
78 345
129 423
79 82
331 197
136 395
81 453
284 340
367 195
259 451
239 483
386 413
231 287
197 242
397 12
306 286
391 224
