100
19 132
821 749
983 688
587 518
403 63
467 814
817 567
274 690
808 706
62 194
554 262
748 983
474 88
746 872
177 966
153 99
70 544
755 128
940 584
506 43
932 252
403 976
805 117
447 916
472 292
267 293
669 180
614 181
679 822
478 336
872 786
651 285
625 67
583 852
497 967
242 295
296 300
976 282
94 263
232 688
411 607
526 767
271 408
956 575
16 193
43 494
566 373
575 373
646 850
403 138
575 52
878 370
36 980
71 694
411 269
3 633
711 775
569 910
973 940
237 498
505 990
608 6
525 976
272 961
300 817
42 790
139 584
583 94
946 529
421 922
682 230
754 239
701 390
11 451
142 153
261 237
439 635
566 186
50 294
666 819
344 110
643 532
499 53
592 747
229 853
988 376
747 789
706 148
685 294
886 121
828 282
584 18
764 277
488 65
353 683
218 641
674 787
397 350
630 563
487 439
