100
647 477
607 964
527 589
529 303
971 543
130 233
469 105
131 437
245 62
30 512
78 558
652 242
218 234
126 466
650 765
289 429
560 804
687 478
855 617
812 704
946 26
726 448
734 366
349 731
260 603
843 392
326 418
155 657
426 249
374 131
956 523
244 321
264 202
955 776
813 888
844 61
532 48
253 383
472 355
502 43
372 805
439 170
723 189
297 331
96 465
326 150
377 689
804 12
858 774
399 1
824 883
789 465
790 656
612 55
41 256
330 36
913 743
211 779
2 894
85 128
130 937
843 704
131 61
673 505
875 552
896 715
164 988
47 610
377 469
24 578
95 657
644 599
603 948
779 877
308 716
312 618
821 999
708 247
505 392
48 844
968 532
540 952
825 693
546 869
735 721
193 848
694 937
624 975
8 612
25 118
21 344
590 84
920 795
998 984
951 129
61 18
529 62
786 814
480 483
629 377
