100
793 358
607 696
106 288
776 42
368 327
999 709
357 581
52 406
915 403
834 754
482 700
48 119
133 712
389 981
893 312
112 160
765 195
634 611
247 540
394 338
162 735
260 586
927 447
719 452
560 226
212 808
440 403
93 244
62 145
913 760
82 318
905 691
5 55
628 505
860 156
217 537
747 651
785 60
710 351
154 793
764 754
328 885
847 705
541 397
122 10
710 294
428 206
12 403
725 13
884 982
78 410
213 230
154 408
156 191
863 640
307 295
581 809
764 384
139 875
811 689
471 208
581 279
163 758
35 842
641 822
855 123
679 171
507 69
970 551
814 722
933 718
916 12
121 25
16 412
202 171
53 139
12 904
138 275
497 945
258 10
283 190
688 612
281 145
380 998
740 354
774 479
948 860
359 31
824 224
727 425
806 302
360 800
325 881
79 708
424 867
960 842
465 914
502 471
37 838
152 553
